
Welcome to FHead-customized ROOT!


Processing SimultaneousFit.C+("Samples/DataAll.root", 4, "Track", 20, "", "Samples/DataAll.dh")...

[1mRooFit v3.13 -- Developed by Wouter Verkerke and David Kirkby[0m 
                Copyright (C) 2000-2010 NIKHEF, University of California & Stanford University
                All rights reserved, please read http://roofit.sourceforge.net/license.txt

Extracted alphaL = 0.45926

 *** Break *** keyboard interrupt :0:

 *** Break *** keyboard interrupt

Welcome to FHead-customized ROOT!


Processing SimultaneousFit.C+("Samples/DataAll.root", 4, "UncorrectedCalo", 20, "", "Samples/DataAll.dh")...

[1mRooFit v3.13 -- Developed by Wouter Verkerke and David Kirkby[0m 
                Copyright (C) 2000-2010 NIKHEF, University of California & Stanford University
                All rights reserved, please read http://roofit.sourceforge.net/license.txt

Extracted alphaL = 0.482669

Welcome to FHead-customized ROOT!


Processing SimultaneousFit.C+("Samples/DataAll.root", 4, "Track", 20, "", "Samples/DataAll.dh")...

[1mRooFit v3.13 -- Developed by Wouter Verkerke and David Kirkby[0m 
                Copyright (C) 2000-2010 NIKHEF, University of California & Stanford University
                All rights reserved, please read http://roofit.sourceforge.net/license.txt

Extracted alphaL = 0.45926
[#1] INFO:Eval -- RooAbsReal::attachToTree(NTrackJet20) TTree Int_t branch NTrackJet20 will be converted to double precision
Error in <TTree::SetBranchAddress>: The pointer type given "Double_t" (8) does not correspond to the type needed "Bool_t" (18) by the branch: ZIsHighestPT
Number of entries = 1436
1 @2*(@0+@1-1)/(@0+@1)
2 @2/(@0+1*@1)*(@0+2*@1-1)/(@0+2*@1)
3 @2/(@0+1*@1)/(@0+2*@1)*(@0+3*@1-1)/(@0+3*@1)
4 @2/(@0+1*@1)/(@0+2*@1)/(@0+3*@1)
[#1] INFO:Minization -- p.d.f. provides expected number of events, including extended term in likelihood.
[#1] INFO:NumericIntegration -- RooRealIntegral::init(Signal1JetShape_Int[ZMass]) using numeric integrator RooIntegrator1D to calculate Int(ZMass)
[#1] INFO:NumericIntegration -- RooRealIntegral::init(Signal2JetShape_Int[ZMass]) using numeric integrator RooIntegrator1D to calculate Int(ZMass)
[#1] INFO:NumericIntegration -- RooRealIntegral::init(Signal3JetShape_Int[ZMass]) using numeric integrator RooIntegrator1D to calculate Int(ZMass)
[#1] INFO:NumericIntegration -- RooRealIntegral::init(Signal4JetShape_Int[ZMass]) using numeric integrator RooIntegrator1D to calculate Int(ZMass)
[#1] INFO:NumericIntegration -- RooRealIntegral::init(Constrain4Jet_Int[NTrackJet20]) using numeric integrator RooIntegrator1D to calculate Int(NTrackJet20)
[#1] INFO:Minization -- RooMinuit::optimizeConst: activating const optimization
[#1] INFO:NumericIntegration -- RooRealIntegral::init(Constrain4Jet_Int[NTrackJet20]) using numeric integrator RooIntegrator1D to calculate Int(NTrackJet20)
 **********
 **   13 **MIGRAD        7500           1
 **********
 FIRST CALL TO USER FUNCTION AT NEW START POINT, WITH IFLAG=4.
 MINUIT WARNING IN MIGrad    
 ============== VARIABLE3 IS AT ITS LOWER ALLOWED LIMIT.
 MINUIT WARNING IN MIGrad    
 ============== VARIABLE4 IS AT ITS LOWER ALLOWED LIMIT.
 MINUIT WARNING IN MIGrad    
 ============== VARIABLE5 IS AT ITS LOWER ALLOWED LIMIT.
 MINUIT WARNING IN MIGrad    
 ============== VARIABLE6 IS AT ITS LOWER ALLOWED LIMIT.
 START MIGRAD MINIMIZATION.  STRATEGY  1.  CONVERGENCE WHEN EDM .LT. 1.00e-03
 FCN=-1756.22 FROM MIGRAD    STATUS=INITIATE      108 CALLS         109 TOTAL
                     EDM= unknown      STRATEGY= 1      NO ERROR MATRIX       
  EXT PARAMETER               CURRENT GUESS       STEP         FIRST   
  NO.   NAME      VALUE            ERROR          SIZE      DERIVATIVE 
   1  Alpha        6.00000e+00   9.00000e-01   0.00000e+00   8.40788e-01
   2  AlphaR       4.38000e-01   2.14000e-01   0.00000e+00  -6.72378e+04
   3  Background1JetYield   3.17235e+01   1.00000e+06   1.60910e-03  -1.38382e+00
   4  Background2JetYield   9.53674e+00   1.00000e+06   0.00000e+00  -6.39655e+02
   5  Background3JetYield   9.53674e+00   1.00000e+06   0.00000e+00   4.22832e+03
   6  Background4JetYield   9.53674e+00   1.00000e+06   0.00000e+00   3.84451e+03
   7  BackgroundExp1Jet  -9.00000e-03   4.00000e-03   0.00000e+00   3.68359e+00
   8  BackgroundExp2Jet  -9.00000e-03   4.00000e-03   0.00000e+00  -1.02051e+00
   9  BackgroundExp3Jet  -9.00000e-03   4.00000e-03   0.00000e+00   8.82917e-01
  10  BackgroundExp4Jet  -9.00000e-03   4.00000e-03   0.00000e+00  -5.58947e-01
  11  Beta        -1.00000e-04   6.00000e-01   0.00000e+00  -4.41704e+00
  12  PeakPosition   9.01100e+01   2.00000e+00   0.00000e+00  -9.25076e+02
  13  SigmaL       2.30000e+00   1.14500e+00   0.00000e+00   7.29567e+04
  14  SigmaR       2.30000e+00   1.14500e+00   0.00000e+00  -1.04360e+05
  15  SignalInclusiveYield   1.43600e+03   7.17500e+02   0.00000e+00   4.42742e+03
                               ERR DEF= 0.5
 MIGRAD MINIMIZATION HAS CONVERGED.
 MIGRAD WILL VERIFY CONVERGENCE AND ERROR MATRIX.
 COVARIANCE MATRIX CALCULATED SUCCESSFULLY
 FCN=-1800.54 FROM MIGRAD    STATUS=CONVERGED     838 CALLS         839 TOTAL
                     EDM=0.000247505    STRATEGY= 1      ERROR MATRIX ACCURATE 
  EXT PARAMETER                                   STEP         FIRST   
  NO.   NAME      VALUE            ERROR          SIZE      DERIVATIVE 
   1  Alpha        4.89381e+00   1.13542e+00   2.12661e-03   2.46036e-02
   2  AlphaR       4.41484e-01   1.65729e-02   7.48388e-07   2.71187e+01
   3  Background1JetYield   3.93534e+01   2.17701e+01   2.22203e-05  -2.28127e+00
   4  Background2JetYield   1.11025e+01   8.00291e+00   1.93582e-05   2.00346e+00
   5  Background3JetYield   1.46928e+00   3.08369e+00   2.20043e-05** at limit **
   6  Background4JetYield   5.27619e+00   3.08356e+00   1.14372e-05   2.54758e-01
   7  BackgroundExp1Jet  -2.07202e-02   1.95104e-02   3.28316e-03   9.90042e-03
   8  BackgroundExp2Jet  -1.09158e-03   6.27006e-01   3.10649e-02   1.33035e-02
   9  BackgroundExp3Jet  -2.81663e-02   6.04284e-02   1.11030e-02   4.61283e-03
  10  BackgroundExp4Jet  -5.61602e-03   3.65166e-02   1.13918e-02   4.37375e-03
  11  Beta         7.90447e-01   9.97717e-01   2.86244e-03   6.59138e-03
  12  PeakPosition   9.12366e+01   1.92692e-01   2.62091e-04   4.83908e-02
  13  SigmaL       2.48991e+00   1.51876e-01   1.77508e-06  -2.16049e+01
  14  SigmaR       2.00505e+00   1.58400e-01   1.64161e-06   6.22444e+00
  15  SignalInclusiveYield   1.37880e+03   4.44403e+01   9.42396e-06   2.00417e-01
                               ERR DEF= 0.5
 EXTERNAL ERROR MATRIX.    NDIM=  32    NPAR= 15    ERR DEF=0.5
 ELEMENTS ABOVE DIAGONAL ARE NOT PRINTED.
  1.318e+00 
 -2.740e-04  2.747e-04 
 -1.642e+00 -2.167e-01  4.739e+02 
  2.320e+00 -4.488e-02  3.954e+01  6.405e+01 
 -4.225e-01 -3.820e-03  4.074e+00  1.660e+00  9.509e+00 
 -1.049e+00 -1.272e-03  1.845e+00 -2.900e-01  1.131e+00  9.508e+00 
 -1.967e-04 -1.700e-04  2.062e-01  2.995e-02  2.176e-03  6.847e-04  3.832e-04 
  9.352e-05  2.750e-05 -2.093e-02 -1.538e-03 -1.873e-04 -7.737e-05 -2.012e-05  1.064e-04 
 -1.434e-03 -2.112e-05  2.080e-02  7.722e-03  2.878e-02  3.924e-03  1.990e-05 -2.937e-06  3.834e-03 
  5.253e-04 -2.966e-06  1.365e-03  7.194e-04 -5.680e-04 -2.060e-03  3.039e-06 -6.082e-07 -1.279e-06  6.859e-04 
 -1.112e+00  2.203e-04  7.444e-01 -1.492e+00  6.496e-01  1.132e+00 -2.507e-05 -4.347e-05  2.246e-03 -5.650e-04  1.038e+00 
  2.585e-03  1.431e-03 -1.215e+00 -2.166e-01 -3.712e-02 -1.568e-02 -4.210e-04  4.107e-05  4.650e-05  2.323e-05 -2.775e-03 
  2.585e-03  1.431e-03 -1.215e+00 -2.166e-01 -3.712e-02 -1.568e-02 -4.210e-04  4.107e-05  4.650e-05  2.323e-05 -2.775e-03  3.713e-02 
  6.279e-03  9.671e-04 -1.267e+00 -2.203e-01 -5.479e-02 -2.864e-02 -3.847e-04  9.831e-06 -7.380e-05  4.072e-05 -6.964e-03 
  6.279e-03  9.671e-04 -1.267e+00 -2.203e-01 -5.479e-02 -2.864e-02 -3.847e-04  9.831e-06 -7.380e-05  4.072e-05 -6.964e-03  2.024e-02  2.307e-02 
  4.187e-04 -1.626e-03  1.015e+00  1.903e-01  1.704e-02  5.612e-03  5.116e-04 -8.376e-05 -9.796e-05 -7.822e-06 -5.515e-04 
  4.187e-04 -1.626e-03  1.015e+00  1.903e-01  1.704e-02  5.612e-03  5.116e-04 -8.376e-05 -9.796e-05 -7.822e-06 -5.515e-04 -2.328e-02 -9.078e-03  2.509e-02 
  7.966e-01  2.667e-01 -4.802e+02 -9.388e+01 -1.494e+01 -6.912e+00 -2.390e-01  2.274e-02 -6.108e-02  5.525e-04 -1.038e+00 
  7.966e-01  2.667e-01 -4.802e+02 -9.388e+01 -1.494e+01 -6.912e+00 -2.390e-01  2.274e-02 -6.108e-02  5.525e-04 -1.038e+00  1.485e+00  1.571e+00 -1.229e+00  1.975e+03 
 PARAMETER  CORRELATION COEFFICIENTS  
       NO.  GLOBAL      1      2      3      4      5      6      7      8      9     10     11     12     13     14     15
        1  0.95938   1.000 -0.014 -0.066  0.253 -0.119 -0.296 -0.009  0.008 -0.020  0.017 -0.951  0.012  0.036  0.002  0.016
        2  0.82771  -0.014  1.000 -0.601 -0.338 -0.075 -0.025 -0.524  0.161 -0.021 -0.007  0.013  0.448  0.384 -0.619  0.362
        3  0.72120  -0.066 -0.601  1.000  0.227  0.061  0.027  0.484 -0.093  0.015  0.002  0.034 -0.290 -0.383  0.294 -0.496
        4  0.49094   0.253 -0.338  0.227  1.000  0.067 -0.012  0.191 -0.019  0.016  0.003 -0.183 -0.140 -0.181  0.150 -0.264
        5  0.37321  -0.119 -0.075  0.061  0.067  1.000  0.119  0.036 -0.006  0.151 -0.007  0.207 -0.062 -0.117  0.035 -0.109
        6  0.39429  -0.296 -0.025  0.027 -0.012  0.119  1.000  0.011 -0.002  0.021 -0.026  0.360 -0.026 -0.061  0.011 -0.050
        7  0.60095  -0.009 -0.524  0.484  0.191  0.036  0.011  1.000 -0.100  0.016  0.006 -0.001 -0.112 -0.129  0.165 -0.275
        8  0.18456   0.008  0.161 -0.093 -0.019 -0.006 -0.002 -0.100  1.000 -0.005 -0.002 -0.004  0.021  0.006 -0.051  0.050
        9  0.15409  -0.020 -0.021  0.015  0.016  0.151  0.021  0.016 -0.005  1.000 -0.001  0.036  0.004 -0.008 -0.010 -0.022
       10  0.03327   0.017 -0.007  0.002  0.003 -0.007 -0.026  0.006 -0.002 -0.001  1.000 -0.021  0.005  0.010 -0.002  0.000
       11  0.96059  -0.951  0.013  0.034 -0.183  0.207  0.360 -0.001 -0.004  0.036 -0.021  1.000 -0.014 -0.045 -0.003 -0.023
       12  0.88765   0.012  0.448 -0.290 -0.140 -0.062 -0.026 -0.112  0.021  0.004  0.005 -0.014  1.000  0.692 -0.763  0.173
       13  0.77814   0.036  0.384 -0.383 -0.181 -0.117 -0.061 -0.129  0.006 -0.008  0.010 -0.045  0.692  1.000 -0.377  0.233
       14  0.86632   0.002 -0.619  0.294  0.150  0.035  0.011  0.165 -0.051 -0.010 -0.002 -0.003 -0.763 -0.377  1.000 -0.175
       15  0.52799   0.016  0.362 -0.496 -0.264 -0.109 -0.050 -0.275  0.050 -0.022  0.000 -0.023  0.173  0.233 -0.175  1.000
 **********
 **   18 **HESSE        7500
 **********
 COVARIANCE MATRIX CALCULATED SUCCESSFULLY
 FCN=-1800.54 FROM HESSE     STATUS=OK            176 CALLS        1015 TOTAL
                     EDM=6.26246e-05    STRATEGY= 1      ERROR MATRIX ACCURATE 
  EXT PARAMETER                                INTERNAL      INTERNAL  
  NO.   NAME      VALUE            ERROR       STEP SIZE       VALUE   
   1  Alpha        4.89381e+00   1.42013e+00   4.25321e-04  -1.35120e-01
   2  AlphaR       4.41484e-01   2.75408e-02   7.48388e-08  -1.56948e+00
   3  Background1JetYield   3.93534e+01   2.86035e+01   4.44407e-06  -1.56683e+00
   4  Background2JetYield   1.11025e+01   1.74194e+01   7.74326e-07  -1.56869e+00
   5  Background3JetYield   1.46928e+00   3.13779e+00   8.80172e-07  -1.57003e+00
                                 WARNING -   - ABOVE PARAMETER IS AT LIMIT.
   6  Background4JetYield   5.27619e+00   3.12427e+00   2.28744e-06  -1.56934e+00
   7  BackgroundExp1Jet  -2.07202e-02   2.49327e-02   1.31326e-04   1.28887e+00
   8  BackgroundExp2Jet  -1.09158e-03   1.18131e-01   3.91788e-01   1.58995e+00
   9  BackgroundExp3Jet  -2.81663e-02   6.06987e-02   4.44118e-04   1.23947e+00
  10  BackgroundExp4Jet  -5.61602e-03   3.65820e-02   4.55673e-04   1.43474e+00
  11  Beta         7.90447e-01   1.18253e+00   1.14498e-04   2.66630e-01
  12  PeakPosition   9.12366e+01   2.07501e-01   5.24181e-05   1.23974e-01
  13  SigmaL       2.48991e+00   1.65742e-01   3.73756e-07  -1.56765e+00
  14  SigmaR       2.00505e+00   1.79091e-01   3.73834e-07  -1.56797e+00
  15  SignalInclusiveYield   1.37880e+03   5.61362e+01   1.88479e-06  -1.54732e+00
                               ERR DEF= 0.5
 EXTERNAL ERROR MATRIX.    NDIM=  32    NPAR= 15    ERR DEF=0.5
 ELEMENTS ABOVE DIAGONAL ARE NOT PRINTED.
  2.089e+00 
 -1.613e-02  7.585e-04 
  1.132e+01 -6.240e-01  8.182e+02 
  1.379e+01 -3.859e-01  3.246e+02  3.034e+02 
 -1.958e-01 -1.449e-02  1.317e+01  8.945e+00  9.846e+00 
 -1.400e+00  2.087e-03 -6.778e-01 -2.992e+00  1.172e+00  9.761e+00 
  1.093e-02 -5.139e-04  4.980e-01  2.710e-01  9.775e-03 -1.618e-03  6.284e-04 
 -4.814e-03  1.479e-04 -1.236e-01 -1.037e-01 -3.240e-03  1.014e-03 -1.044e-04  4.510e-05 
  2.202e-04 -9.468e-05  8.365e-02  5.830e-02  3.465e-02  4.461e-03  7.200e-05 -2.190e-05  3.870e-03 
  9.074e-04 -1.339e-05  1.002e-02  8.094e-03 -3.285e-04 -1.994e-03  1.042e-05 -3.127e-06  3.417e-08  6.871e-04 
 -1.694e+00  1.115e-02 -8.131e+00 -9.468e+00  5.170e-01  1.422e+00 -7.682e-03  3.313e-03  1.384e-03 -8.260e-04  1.484e+00 
 -5.061e-02  3.108e-03 -2.627e+00 -1.380e+00 -7.410e-02 -5.102e-03 -1.613e-03  5.035e-04 -2.183e-04 -1.170e-05  3.373e-02 
 -5.061e-02  3.108e-03 -2.627e+00 -1.380e+00 -7.410e-02 -5.102e-03 -1.613e-03  5.035e-04 -2.183e-04 -1.170e-05  3.373e-02  4.306e-02 
 -3.920e-02  2.430e-03 -2.500e+00 -1.234e+00 -8.748e-02 -2.032e-02 -1.429e-03  4.397e-04 -3.196e-04  1.021e-05  2.406e-02 
 -3.920e-02  2.430e-03 -2.500e+00 -1.234e+00 -8.748e-02 -2.032e-02 -1.429e-03  4.397e-04 -3.196e-04  1.021e-05  2.406e-02  2.533e-02  2.747e-02 
  5.954e-02 -3.452e-03  2.552e+00  1.466e+00  5.708e-02 -6.779e-03  1.808e-03 -5.519e-04  1.777e-04  3.046e-05 -4.127e-02 
  5.954e-02 -3.452e-03  2.552e+00  1.466e+00  5.708e-02 -6.779e-03  1.808e-03 -5.519e-04  1.777e-04  3.046e-05 -4.127e-02 -2.971e-02 -1.463e-02  3.207e-02 
 -2.352e+01  1.022e+00 -1.116e+03 -6.229e+02 -3.166e+01 -1.986e+00 -7.771e-01  2.296e-01 -1.811e-01 -1.578e-02  1.566e+01 
 -2.352e+01  1.022e+00 -1.116e+03 -6.229e+02 -3.166e+01 -1.986e+00 -7.771e-01  2.296e-01 -1.811e-01 -1.578e-02  1.566e+01  4.086e+00  3.842e+00 -4.068e+00  3.151e+03 
 PARAMETER  CORRELATION COEFFICIENTS  
       NO.  GLOBAL      1      2      3      4      5      6      7      8      9     10     11     12     13     14     15
        1  0.97457   1.000 -0.405  0.274  0.548 -0.043 -0.310  0.302 -0.496  0.002  0.024 -0.962 -0.169 -0.164  0.230 -0.290
        2  0.94126  -0.405  1.000 -0.792 -0.804 -0.168  0.024 -0.744  0.799 -0.055 -0.019  0.332  0.544  0.532 -0.700  0.661
        3  0.84972   0.274 -0.792  1.000  0.652  0.147 -0.008  0.695 -0.644  0.047  0.013 -0.233 -0.442 -0.527  0.498 -0.695
        4  0.91641   0.548 -0.804  0.652  1.000  0.164 -0.055  0.621 -0.887  0.054  0.018 -0.446 -0.382 -0.427  0.470 -0.637
        5  0.41084  -0.043 -0.168  0.147  0.164  1.000  0.120  0.124 -0.154  0.178 -0.004  0.135 -0.114 -0.168  0.102 -0.180
        6  0.42111  -0.310  0.024 -0.008 -0.055  0.120  1.000 -0.021  0.048  0.023 -0.024  0.374 -0.008 -0.039 -0.012 -0.011
        7  0.78132   0.302 -0.744  0.695  0.621  0.124 -0.021  1.000 -0.620  0.046  0.016 -0.252 -0.310 -0.344  0.403 -0.552
        8  0.90094  -0.496  0.799 -0.644 -0.887 -0.154  0.048 -0.620  1.000 -0.052 -0.018  0.405  0.361  0.395 -0.459  0.609
        9  0.18227   0.002 -0.055  0.047  0.054  0.178  0.023  0.046 -0.052  1.000  0.000  0.018 -0.017 -0.031  0.016 -0.052
       10  0.03633   0.024 -0.019  0.013  0.018 -0.004 -0.024  0.016 -0.018  0.000  1.000 -0.026 -0.002  0.002  0.006 -0.011
       11  0.97262  -0.962  0.332 -0.233 -0.446  0.135  0.374 -0.252  0.405  0.018 -0.026  1.000  0.133  0.119 -0.189  0.229
       12  0.90395  -0.169  0.544 -0.442 -0.382 -0.114 -0.008 -0.310  0.361 -0.017 -0.002  0.133  1.000  0.736 -0.799  0.351
       13  0.81777  -0.164  0.532 -0.527 -0.427 -0.168 -0.039 -0.344  0.395 -0.031  0.002  0.119  0.736  1.000 -0.493  0.413
       14  0.89712   0.230 -0.700  0.498  0.470  0.102 -0.012  0.403 -0.459  0.016  0.006 -0.189 -0.799 -0.493  1.000 -0.405
       15  0.74027  -0.290  0.661 -0.695 -0.637 -0.180 -0.011 -0.552  0.609 -0.052 -0.011  0.229  0.351  0.413 -0.405  1.000
[#1] INFO:Minization -- RooMinuit::optimizeConst: deactivating const optimization
Info in <TCanvas::Print>: Landscape file ResultPlots_Track_20.ps has been created
Info in <TCanvas::Print>: Current canvas added to Landscape file ResultPlots_Track_20.ps
Info in <TCanvas::Print>: Current canvas added to Landscape file ResultPlots_Track_20.ps
Info in <TCanvas::Print>: Current canvas added to Landscape file ResultPlots_Track_20.ps
Info in <TCanvas::Print>: Current canvas added to Landscape file ResultPlots_Track_20.ps
[#1] INFO:Plotting -- RooAbsReal::plotOn(FinalModel) plot on ZMass integrates over variables (NTrackJet20)
[#1] INFO:NumericIntegration -- RooRealIntegral::init(Signal1JetShape_Int[ZMass]) using numeric integrator RooIntegrator1D to calculate Int(ZMass)
[#1] INFO:NumericIntegration -- RooRealIntegral::init(Signal2JetShape_Int[ZMass]) using numeric integrator RooIntegrator1D to calculate Int(ZMass)
[#1] INFO:NumericIntegration -- RooRealIntegral::init(Signal3JetShape_Int[ZMass]) using numeric integrator RooIntegrator1D to calculate Int(ZMass)
[#1] INFO:NumericIntegration -- RooRealIntegral::init(Signal4JetShape_Int[ZMass]) using numeric integrator RooIntegrator1D to calculate Int(ZMass)
[#1] INFO:NumericIntegration -- RooRealIntegral::init(Constrain4Jet_Int[NTrackJet20]) using numeric integrator RooIntegrator1D to calculate Int(NTrackJet20)
[#1] INFO:Plotting -- RooAbsPdf::plotOn(FinalModel) directly selected PDF components: (Signal1Jet)
[#1] INFO:Plotting -- RooAbsPdf::plotOn(FinalModel) indirectly selected PDF components: (Signal1JetShape,Constrain1Jet)
[#1] INFO:Plotting -- RooAbsReal::plotOn(FinalModel) plot on ZMass integrates over variables (NTrackJet20)
[#1] INFO:NumericIntegration -- RooRealIntegral::init(Signal1JetShape_Int[ZMass]) using numeric integrator RooIntegrator1D to calculate Int(ZMass)
[#1] INFO:NumericIntegration -- RooRealIntegral::init(Signal2JetShape_Int[ZMass]) using numeric integrator RooIntegrator1D to calculate Int(ZMass)
[#1] INFO:NumericIntegration -- RooRealIntegral::init(Signal3JetShape_Int[ZMass]) using numeric integrator RooIntegrator1D to calculate Int(ZMass)
[#1] INFO:NumericIntegration -- RooRealIntegral::init(Signal4JetShape_Int[ZMass]) using numeric integrator RooIntegrator1D to calculate Int(ZMass)
[#1] INFO:NumericIntegration -- RooRealIntegral::init(Constrain4Jet_Int[NTrackJet20]) using numeric integrator RooIntegrator1D to calculate Int(NTrackJet20)
[#1] INFO:Plotting -- RooAbsPdf::plotOn(FinalModel) directly selected PDF components: (Signal2Jet)
[#1] INFO:Plotting -- RooAbsPdf::plotOn(FinalModel) indirectly selected PDF components: (Signal2JetShape,Constrain2Jet)
[#1] INFO:Plotting -- RooAbsReal::plotOn(FinalModel) plot on ZMass integrates over variables (NTrackJet20)
[#1] INFO:NumericIntegration -- RooRealIntegral::init(Signal1JetShape_Int[ZMass]) using numeric integrator RooIntegrator1D to calculate Int(ZMass)
[#1] INFO:NumericIntegration -- RooRealIntegral::init(Signal2JetShape_Int[ZMass]) using numeric integrator RooIntegrator1D to calculate Int(ZMass)
[#1] INFO:NumericIntegration -- RooRealIntegral::init(Signal3JetShape_Int[ZMass]) using numeric integrator RooIntegrator1D to calculate Int(ZMass)
[#1] INFO:NumericIntegration -- RooRealIntegral::init(Signal4JetShape_Int[ZMass]) using numeric integrator RooIntegrator1D to calculate Int(ZMass)
[#1] INFO:NumericIntegration -- RooRealIntegral::init(Constrain4Jet_Int[NTrackJet20]) using numeric integrator RooIntegrator1D to calculate Int(NTrackJet20)
[#1] INFO:Plotting -- RooAbsPdf::plotOn(FinalModel) directly selected PDF components: (Signal3Jet)
[#1] INFO:Plotting -- RooAbsPdf::plotOn(FinalModel) indirectly selected PDF components: (Signal3JetShape,Constrain3Jet)
[#1] INFO:Plotting -- RooAbsReal::plotOn(FinalModel) plot on ZMass integrates over variables (NTrackJet20)
[#1] INFO:NumericIntegration -- RooRealIntegral::init(Signal1JetShape_Int[ZMass]) using numeric integrator RooIntegrator1D to calculate Int(ZMass)
[#1] INFO:NumericIntegration -- RooRealIntegral::init(Signal2JetShape_Int[ZMass]) using numeric integrator RooIntegrator1D to calculate Int(ZMass)
[#1] INFO:NumericIntegration -- RooRealIntegral::init(Signal3JetShape_Int[ZMass]) using numeric integrator RooIntegrator1D to calculate Int(ZMass)
[#1] INFO:NumericIntegration -- RooRealIntegral::init(Signal4JetShape_Int[ZMass]) using numeric integrator RooIntegrator1D to calculate Int(ZMass)
[#1] INFO:NumericIntegration -- RooRealIntegral::init(Constrain4Jet_Int[NTrackJet20]) using numeric integrator RooIntegrator1D to calculate Int(NTrackJet20)
[#1] INFO:Plotting -- RooAbsPdf::plotOn(FinalModel) directly selected PDF components: (Signal4Jet)
[#1] INFO:Plotting -- RooAbsPdf::plotOn(FinalModel) indirectly selected PDF components: (Signal4JetShape,Constrain4Jet)
[#1] INFO:Plotting -- RooAbsReal::plotOn(FinalModel) plot on ZMass integrates over variables (NTrackJet20)
[#1] INFO:NumericIntegration -- RooRealIntegral::init(Signal1JetShape_Int[ZMass]) using numeric integrator RooIntegrator1D to calculate Int(ZMass)
[#1] INFO:NumericIntegration -- RooRealIntegral::init(Signal2JetShape_Int[ZMass]) using numeric integrator RooIntegrator1D to calculate Int(ZMass)
[#1] INFO:NumericIntegration -- RooRealIntegral::init(Signal3JetShape_Int[ZMass]) using numeric integrator RooIntegrator1D to calculate Int(ZMass)
[#1] INFO:NumericIntegration -- RooRealIntegral::init(Signal4JetShape_Int[ZMass]) using numeric integrator RooIntegrator1D to calculate Int(ZMass)
[#1] INFO:NumericIntegration -- RooRealIntegral::init(Constrain4Jet_Int[NTrackJet20]) using numeric integrator RooIntegrator1D to calculate Int(NTrackJet20)
Info in <TCanvas::Print>: Current canvas added to Landscape file ResultPlots_Track_20.ps
[#1] INFO:Plotting -- RooAbsPdf::plotOn(FinalModel) directly selected PDF components: (Signal1Jet,Background1Jet)
[#1] INFO:Plotting -- RooAbsPdf::plotOn(FinalModel) indirectly selected PDF components: (Signal1JetShape,Constrain1Jet,Background1JetShape)
[#1] INFO:NumericIntegration -- RooRealIntegral::init(Signal1JetShape_Int[ZMass]) using numeric integrator RooIntegrator1D to calculate Int(ZMass)
[#1] INFO:NumericIntegration -- RooRealIntegral::init(Signal2JetShape_Int[ZMass]) using numeric integrator RooIntegrator1D to calculate Int(ZMass)
[#1] INFO:NumericIntegration -- RooRealIntegral::init(Signal3JetShape_Int[ZMass]) using numeric integrator RooIntegrator1D to calculate Int(ZMass)
[#1] INFO:NumericIntegration -- RooRealIntegral::init(Signal4JetShape_Int[ZMass]) using numeric integrator RooIntegrator1D to calculate Int(ZMass)
[#1] INFO:Plotting -- RooAbsPdf::plotOn(FinalModel) directly selected PDF components: (Background1Jet)
[#1] INFO:Plotting -- RooAbsPdf::plotOn(FinalModel) indirectly selected PDF components: (Constrain1Jet,Background1JetShape)
[#1] INFO:NumericIntegration -- RooRealIntegral::init(Signal1JetShape_Int[ZMass]) using numeric integrator RooIntegrator1D to calculate Int(ZMass)
[#1] INFO:NumericIntegration -- RooRealIntegral::init(Signal2JetShape_Int[ZMass]) using numeric integrator RooIntegrator1D to calculate Int(ZMass)
[#1] INFO:NumericIntegration -- RooRealIntegral::init(Signal3JetShape_Int[ZMass]) using numeric integrator RooIntegrator1D to calculate Int(ZMass)
[#1] INFO:NumericIntegration -- RooRealIntegral::init(Signal4JetShape_Int[ZMass]) using numeric integrator RooIntegrator1D to calculate Int(ZMass)
[#1] INFO:Plotting -- RooPlot::updateFitRangeNorm: New event count of 1175 will supercede previous event count of 1 for normalization of PDF projections
Info in <TCanvas::Print>: Current canvas added to Landscape file ResultPlots_Track_20.ps
[#1] INFO:Plotting -- RooAbsPdf::plotOn(FinalModel) directly selected PDF components: (Signal2Jet,Background2Jet)
[#1] INFO:Plotting -- RooAbsPdf::plotOn(FinalModel) indirectly selected PDF components: (Signal2JetShape,Constrain2Jet,Background2JetShape)
[#1] INFO:NumericIntegration -- RooRealIntegral::init(Signal1JetShape_Int[ZMass]) using numeric integrator RooIntegrator1D to calculate Int(ZMass)
[#1] INFO:NumericIntegration -- RooRealIntegral::init(Signal2JetShape_Int[ZMass]) using numeric integrator RooIntegrator1D to calculate Int(ZMass)
[#1] INFO:NumericIntegration -- RooRealIntegral::init(Signal3JetShape_Int[ZMass]) using numeric integrator RooIntegrator1D to calculate Int(ZMass)
[#1] INFO:NumericIntegration -- RooRealIntegral::init(Signal4JetShape_Int[ZMass]) using numeric integrator RooIntegrator1D to calculate Int(ZMass)
[#1] INFO:Plotting -- RooAbsPdf::plotOn(FinalModel) directly selected PDF components: (Background2Jet)
[#1] INFO:Plotting -- RooAbsPdf::plotOn(FinalModel) indirectly selected PDF components: (Constrain2Jet,Background2JetShape)
[#1] INFO:NumericIntegration -- RooRealIntegral::init(Signal1JetShape_Int[ZMass]) using numeric integrator RooIntegrator1D to calculate Int(ZMass)
[#1] INFO:NumericIntegration -- RooRealIntegral::init(Signal2JetShape_Int[ZMass]) using numeric integrator RooIntegrator1D to calculate Int(ZMass)
[#1] INFO:NumericIntegration -- RooRealIntegral::init(Signal3JetShape_Int[ZMass]) using numeric integrator RooIntegrator1D to calculate Int(ZMass)
[#1] INFO:NumericIntegration -- RooRealIntegral::init(Signal4JetShape_Int[ZMass]) using numeric integrator RooIntegrator1D to calculate Int(ZMass)
[#1] INFO:Plotting -- RooPlot::updateFitRangeNorm: New event count of 218 will supercede previous event count of 1 for normalization of PDF projections
Info in <TCanvas::Print>: Current canvas added to Landscape file ResultPlots_Track_20.ps
[#1] INFO:Plotting -- RooAbsPdf::plotOn(FinalModel) directly selected PDF components: (Signal3Jet,Background3Jet)
[#1] INFO:Plotting -- RooAbsPdf::plotOn(FinalModel) indirectly selected PDF components: (Signal3JetShape,Constrain3Jet,Background3JetShape)
[#1] INFO:NumericIntegration -- RooRealIntegral::init(Signal1JetShape_Int[ZMass]) using numeric integrator RooIntegrator1D to calculate Int(ZMass)
[#1] INFO:NumericIntegration -- RooRealIntegral::init(Signal2JetShape_Int[ZMass]) using numeric integrator RooIntegrator1D to calculate Int(ZMass)
[#1] INFO:NumericIntegration -- RooRealIntegral::init(Signal3JetShape_Int[ZMass]) using numeric integrator RooIntegrator1D to calculate Int(ZMass)
[#1] INFO:NumericIntegration -- RooRealIntegral::init(Signal4JetShape_Int[ZMass]) using numeric integrator RooIntegrator1D to calculate Int(ZMass)
[#1] INFO:Plotting -- RooAbsPdf::plotOn(FinalModel) directly selected PDF components: (Background3Jet)
[#1] INFO:Plotting -- RooAbsPdf::plotOn(FinalModel) indirectly selected PDF components: (Constrain3Jet,Background3JetShape)
[#1] INFO:NumericIntegration -- RooRealIntegral::init(Signal1JetShape_Int[ZMass]) using numeric integrator RooIntegrator1D to calculate Int(ZMass)
[#1] INFO:NumericIntegration -- RooRealIntegral::init(Signal2JetShape_Int[ZMass]) using numeric integrator RooIntegrator1D to calculate Int(ZMass)
[#1] INFO:NumericIntegration -- RooRealIntegral::init(Signal3JetShape_Int[ZMass]) using numeric integrator RooIntegrator1D to calculate Int(ZMass)
[#1] INFO:NumericIntegration -- RooRealIntegral::init(Signal4JetShape_Int[ZMass]) using numeric integrator RooIntegrator1D to calculate Int(ZMass)
[#1] INFO:Plotting -- RooPlot::updateFitRangeNorm: New event count of 32 will supercede previous event count of 1 for normalization of PDF projections
Info in <TCanvas::Print>: Current canvas added to Landscape file ResultPlots_Track_20.ps
[#1] INFO:Plotting -- RooAbsPdf::plotOn(FinalModel) directly selected PDF components: (Signal4Jet,Background4Jet)
[#1] INFO:Plotting -- RooAbsPdf::plotOn(FinalModel) indirectly selected PDF components: (Signal4JetShape,Constrain4Jet,Background4JetShape)
[#1] INFO:NumericIntegration -- RooRealIntegral::init(Signal1JetShape_Int[ZMass]) using numeric integrator RooIntegrator1D to calculate Int(ZMass)
[#1] INFO:NumericIntegration -- RooRealIntegral::init(Signal2JetShape_Int[ZMass]) using numeric integrator RooIntegrator1D to calculate Int(ZMass)
[#1] INFO:NumericIntegration -- RooRealIntegral::init(Signal3JetShape_Int[ZMass]) using numeric integrator RooIntegrator1D to calculate Int(ZMass)
[#1] INFO:NumericIntegration -- RooRealIntegral::init(Signal4JetShape_Int[ZMass]) using numeric integrator RooIntegrator1D to calculate Int(ZMass)
[#1] INFO:Plotting -- RooAbsPdf::plotOn(FinalModel) directly selected PDF components: (Background4Jet)
[#1] INFO:Plotting -- RooAbsPdf::plotOn(FinalModel) indirectly selected PDF components: (Constrain4Jet,Background4JetShape)
[#1] INFO:NumericIntegration -- RooRealIntegral::init(Signal1JetShape_Int[ZMass]) using numeric integrator RooIntegrator1D to calculate Int(ZMass)
[#1] INFO:NumericIntegration -- RooRealIntegral::init(Signal2JetShape_Int[ZMass]) using numeric integrator RooIntegrator1D to calculate Int(ZMass)
[#1] INFO:NumericIntegration -- RooRealIntegral::init(Signal3JetShape_Int[ZMass]) using numeric integrator RooIntegrator1D to calculate Int(ZMass)
[#1] INFO:NumericIntegration -- RooRealIntegral::init(Signal4JetShape_Int[ZMass]) using numeric integrator RooIntegrator1D to calculate Int(ZMass)
[#1] INFO:Plotting -- RooPlot::updateFitRangeNorm: New event count of 11 will supercede previous event count of 1 for normalization of PDF projections
Info in <TCanvas::Print>: Current canvas added to Landscape file ResultPlots_Track_20.ps
Info in <TCanvas::Print>: png file ComplicatedFit_Track_20_AllJets.png has been created
Info in <TCanvas::SaveSource>: C++ Macro file: ComplicatedFit_Track_20_AllJets.C has been generated
Info in <TCanvas::Print>: eps file ComplicatedFit_Track_20_AllJets.eps has been created
Info in <TCanvas::Print>: png file FitYieldsData.png has been created
Info in <TCanvas::SaveSource>: C++ Macro file: FitYieldsData.C has been generated
Info in <TCanvas::Print>: eps file FitYieldsData.eps has been created
Info in <TCanvas::Print>: Current canvas added to Landscape file ResultPlots_Track_20.ps
Correlation between alpha and beta = -0.962252
Info in <TCanvas::Print>: Current canvas added to Landscape file ResultPlots_Track_20.ps
Info in <TCanvas::Print>: Current canvas added to Landscape file ResultPlots_Track_20.ps
Info in <TCanvas::Print>: Current canvas added to Landscape file ResultPlots_Track_20.ps

Welcome to FHead-customized ROOT!


Processing SimultaneousFit.C+("Samples/DataAll.root", 4, "UncorrectedCalo", 20, "", "Samples/DataAll.dh")...

[1mRooFit v3.13 -- Developed by Wouter Verkerke and David Kirkby[0m 
                Copyright (C) 2000-2010 NIKHEF, University of California & Stanford University
                All rights reserved, please read http://roofit.sourceforge.net/license.txt

Extracted alphaL = 0.482669
[#1] INFO:Eval -- RooAbsReal::attachToTree(NUncorrectedCaloJet20) TTree Int_t branch NUncorrectedCaloJet20 will be converted to double precision
Error in <TTree::SetBranchAddress>: The pointer type given "Double_t" (8) does not correspond to the type needed "Bool_t" (18) by the branch: ZIsHighestPT
Number of entries = 1855
1 @2*(@0+@1-1)/(@0+@1)
2 @2/(@0+1*@1)*(@0+2*@1-1)/(@0+2*@1)
3 @2/(@0+1*@1)/(@0+2*@1)*(@0+3*@1-1)/(@0+3*@1)
4 @2/(@0+1*@1)/(@0+2*@1)/(@0+3*@1)
[#1] INFO:Minization -- p.d.f. provides expected number of events, including extended term in likelihood.
[#1] INFO:NumericIntegration -- RooRealIntegral::init(Signal1JetShape_Int[ZMass]) using numeric integrator RooIntegrator1D to calculate Int(ZMass)
[#1] INFO:NumericIntegration -- RooRealIntegral::init(Signal2JetShape_Int[ZMass]) using numeric integrator RooIntegrator1D to calculate Int(ZMass)
[#1] INFO:NumericIntegration -- RooRealIntegral::init(Signal3JetShape_Int[ZMass]) using numeric integrator RooIntegrator1D to calculate Int(ZMass)
[#1] INFO:NumericIntegration -- RooRealIntegral::init(Signal4JetShape_Int[ZMass]) using numeric integrator RooIntegrator1D to calculate Int(ZMass)
[#1] INFO:NumericIntegration -- RooRealIntegral::init(Constrain4Jet_Int[NUncorrectedCaloJet20]) using numeric integrator RooIntegrator1D to calculate Int(NUncorrectedCaloJet20)
[#1] INFO:Minization -- RooMinuit::optimizeConst: activating const optimization
[#1] INFO:NumericIntegration -- RooRealIntegral::init(Constrain4Jet_Int[NUncorrectedCaloJet20]) using numeric integrator RooIntegrator1D to calculate Int(NUncorrectedCaloJet20)
 **********
 **   13 **MIGRAD        7500           1
 **********
 FIRST CALL TO USER FUNCTION AT NEW START POINT, WITH IFLAG=4.
 MINUIT WARNING IN MIGrad    
 ============== VARIABLE3 IS AT ITS LOWER ALLOWED LIMIT.
 MINUIT WARNING IN MIGrad    
 ============== VARIABLE4 IS AT ITS LOWER ALLOWED LIMIT.
 MINUIT WARNING IN MIGrad    
 ============== VARIABLE5 IS AT ITS LOWER ALLOWED LIMIT.
 MINUIT WARNING IN MIGrad    
 ============== VARIABLE6 IS AT ITS LOWER ALLOWED LIMIT.
 START MIGRAD MINIMIZATION.  STRATEGY  1.  CONVERGENCE WHEN EDM .LT. 1.00e-03
 FCN=-2470.08 FROM MIGRAD    STATUS=INITIATE      185 CALLS         186 TOTAL
                     EDM= unknown      STRATEGY= 1      NO ERROR MATRIX       
  EXT PARAMETER               CURRENT GUESS       STEP         FIRST   
  NO.   NAME      VALUE            ERROR          SIZE      DERIVATIVE 
   1  Alpha        6.00000e+00   9.00000e-01   0.00000e+00   4.21958e+01
   2  AlphaR       4.38000e-01   2.14000e-01   0.00000e+00  -1.37518e+05
   3  Background1JetYield   3.25473e+01   1.00000e+06   0.00000e+00  -3.33015e+02
   4  Background2JetYield   9.53674e+00   1.00000e+06   0.00000e+00  -4.69372e+03
   5  Background3JetYield   9.53674e+00   1.00000e+06   0.00000e+00  -1.36898e+02
   6  Background4JetYield   9.53674e+00   1.00000e+06   0.00000e+00   9.23965e+02
   7  BackgroundExp1Jet  -6.47520e-02   4.00000e-03   0.00000e+00   1.26198e-01
   8  BackgroundExp2Jet  -3.30259e-02   4.00000e-03  -1.80821e-01   3.26734e-02
   9  BackgroundExp3Jet  -9.00000e-03   4.00000e-03   0.00000e+00   2.01678e+00
  10  BackgroundExp4Jet  -9.00000e-03   4.00000e-03   0.00000e+00  -2.45068e+00
  11  Beta        -1.00000e-04   6.00000e-01   0.00000e+00   2.70633e+01
  12  PeakPosition   9.01100e+01   2.00000e+00   0.00000e+00  -1.01419e+03
  13  SigmaL       2.30000e+00   1.14500e+00   0.00000e+00   7.02403e+04
  14  SigmaR       2.30000e+00   1.14500e+00   0.00000e+00  -1.18170e+05
  15  SignalInclusiveYield   1.85500e+03   9.27000e+02   0.00000e+00   4.81306e+03
                               ERR DEF= 0.5
 MIGRAD MINIMIZATION HAS CONVERGED.
 MIGRAD WILL VERIFY CONVERGENCE AND ERROR MATRIX.
 COVARIANCE MATRIX CALCULATED SUCCESSFULLY
 FCN=-2520.71 FROM MIGRAD    STATUS=CONVERGED    1041 CALLS        1042 TOTAL
                     EDM=0.000128586    STRATEGY= 1      ERROR MATRIX ACCURATE 
  EXT PARAMETER                                   STEP         FIRST   
  NO.   NAME      VALUE            ERROR          SIZE      DERIVATIVE 
   1  Alpha        5.04245e+00   7.96023e-01   2.02600e-03  -4.75010e-02
   2  AlphaR       4.37362e-01   1.48417e-02   7.48391e-07  -6.08740e+00
   3  Background1JetYield   6.08457e+01   2.51534e+01   2.37300e-05  -3.92715e+00
   4  Background2JetYield   3.75101e+01   1.13067e+01   1.78705e-05   6.31684e+00
   5  Background3JetYield   8.62159e+00   4.90781e+00   1.71899e-05  -8.93897e-01
   6  Background4JetYield   8.11700e+00   3.75244e+00   1.34249e-05  -1.40299e+00
   7  BackgroundExp1Jet  -3.84162e-02   2.11808e-02   2.72644e-03  -2.76515e-02
   8  BackgroundExp2Jet  -1.51809e-02   1.34602e-02   3.78554e-03  -2.33071e-02
   9  BackgroundExp3Jet  -2.07542e-02   2.47972e-02   6.17337e-03  -8.33125e-03
  10  BackgroundExp4Jet  -1.00235e-03   5.13256e-02   1.59118e-02  -1.45448e-02
  11  Beta         3.01135e-01   6.59012e-01   2.51506e-03  -1.81114e-02
  12  PeakPosition   9.11652e+01   1.73083e-01   2.82818e-04   1.74900e-01
  13  SigmaL       2.49216e+00   1.40254e-01   1.99916e-06   3.33558e+01
  14  SigmaR       2.01697e+00   1.41409e-01   1.74669e-06   6.34745e+01
  15  SignalInclusiveYield   1.73985e+03   5.06600e+01   1.12268e-05  -3.86656e+00
                               ERR DEF= 0.5
 EXTERNAL ERROR MATRIX.    NDIM=  32    NPAR= 15    ERR DEF=0.5
 ELEMENTS ABOVE DIAGONAL ARE NOT PRINTED.
  6.404e-01 
 -1.222e-04  2.203e-04 
 -1.617e+00 -2.113e-01  6.327e+02 
  2.559e+00 -4.700e-02  5.264e+01  1.278e+02 
 -8.027e-02 -9.176e-03  9.819e+00  5.010e+00  2.409e+01 
 -7.191e-01 -2.265e-03  2.988e+00 -2.682e-01  1.667e+00  1.408e+01 
 -5.751e-04 -1.819e-04  3.357e-01  4.489e-02  8.558e-03  2.276e-03  4.505e-04 
 -4.840e-04  5.025e-05 -5.036e-02 -2.531e-02 -2.764e-03 -3.775e-04 -4.947e-05  1.820e-04 
 -5.517e-05 -2.821e-05  2.889e-02  1.010e-02  1.761e-02  1.981e-03  3.004e-05 -9.598e-06  6.215e-04 
 -1.138e-06  7.725e-09 -5.717e-06 -2.994e-06  2.124e-06  9.179e-06 -7.856e-09  3.026e-09  8.101e-10  4.902e-07 
 -4.961e-01 -6.947e-06  7.711e-01 -1.539e+00  3.964e-01  8.019e-01  3.021e-04  2.748e-04  4.166e-04  1.257e-06  4.415e-01 
  4.524e-04  1.077e-03 -1.083e+00 -1.928e-01 -3.708e-02 -8.041e-03 -4.891e-04  6.077e-05  2.030e-05 -2.393e-08 -3.204e-04 
  4.524e-04  1.077e-03 -1.083e+00 -1.928e-01 -3.708e-02 -8.041e-03 -4.891e-04  6.077e-05  2.030e-05 -2.393e-08 -3.204e-04  2.996e-02 
  1.162e-03  7.558e-04 -1.234e+00 -2.476e-01 -6.050e-02 -2.216e-02 -6.224e-04  7.013e-05 -3.206e-05 -5.354e-08 -1.808e-03 
  1.162e-03  7.558e-04 -1.234e+00 -2.476e-01 -6.050e-02 -2.216e-02 -6.224e-04  7.013e-05 -3.206e-05 -5.354e-08 -1.808e-03  1.628e-02  1.967e-02 
 -4.928e-04 -1.228e-03  8.874e-01  1.488e-01  2.492e-02  5.205e-03  4.632e-04 -8.963e-05 -1.195e-05  5.913e-11  1.655e-04 
 -4.928e-04 -1.228e-03  8.874e-01  1.488e-01  2.492e-02  5.205e-03  4.632e-04 -8.963e-05 -1.195e-05  5.913e-11  1.655e-04 -1.858e-02 -6.900e-03  2.000e-02 
 -1.400e-01  2.696e-01 -6.371e+02 -1.476e+02 -3.193e+01 -1.034e+01 -3.910e-01  7.874e-02 -5.849e-02 -2.606e-06 -4.315e-01 
 -1.400e-01  2.696e-01 -6.371e+02 -1.476e+02 -3.193e+01 -1.034e+01 -3.910e-01  7.874e-02 -5.849e-02 -2.606e-06 -4.315e-01  1.321e+00  1.564e+00 -1.066e+00  2.566e+03 
 PARAMETER  CORRELATION COEFFICIENTS  
       NO.  GLOBAL      1      2      3      4      5      6      7      8      9     10     11     12     13     14     15
        1  0.94511   1.000 -0.010 -0.080  0.283 -0.020 -0.239 -0.034 -0.045 -0.003 -0.002 -0.933  0.003  0.010 -0.004 -0.003
        2  0.81649  -0.010  1.000 -0.566 -0.280 -0.126 -0.041 -0.577  0.251 -0.076  0.001 -0.001  0.419  0.363 -0.585  0.359
        3  0.74090  -0.080 -0.566  1.000  0.185  0.080  0.032  0.629 -0.148  0.046 -0.000  0.046 -0.249 -0.350  0.249 -0.500
        4  0.46978   0.283 -0.280  0.185  1.000  0.090 -0.006  0.187 -0.166  0.036 -0.000 -0.205 -0.098 -0.156  0.093 -0.258
        5  0.34289  -0.020 -0.126  0.080  0.090  1.000  0.091  0.082 -0.042  0.144  0.001  0.122 -0.044 -0.088  0.036 -0.128
        6  0.36707  -0.239 -0.041  0.032 -0.006  0.091  1.000  0.029 -0.007  0.021  0.003  0.322 -0.012 -0.042  0.010 -0.054
        7  0.71018  -0.034 -0.577  0.629  0.187  0.082  0.029  1.000 -0.173  0.057 -0.001  0.021 -0.133 -0.209  0.154 -0.364
        8  0.29882  -0.045  0.251 -0.148 -0.166 -0.042 -0.007 -0.173  1.000 -0.029  0.000  0.031  0.026  0.037 -0.047  0.115
        9  0.16705  -0.003 -0.076  0.046  0.036  0.144  0.021  0.057 -0.029  1.000  0.000  0.025  0.005 -0.009 -0.003 -0.046
       10  0.00418  -0.002  0.001 -0.000 -0.000  0.001  0.003 -0.001  0.000  0.000  1.000  0.003 -0.000 -0.001  0.000 -0.000
       11  0.94569  -0.933 -0.001  0.046 -0.205  0.122  0.322  0.021  0.031  0.025  0.003  1.000 -0.003 -0.019  0.002 -0.013
       12  0.88368   0.003  0.419 -0.249 -0.098 -0.044 -0.012 -0.133  0.026  0.005 -0.000 -0.003  1.000  0.671 -0.759  0.151
       13  0.76184   0.010  0.363 -0.350 -0.156 -0.088 -0.042 -0.209  0.037 -0.009 -0.001 -0.019  0.671  1.000 -0.348  0.220
