#: table_doi: 10.17182/hepdata.84819.v1/t31
#: name: Table 31
#: description: No description provided.
#: data_file: cov_stat_c3_y0.yaml
#: keyword reactions: PB PB --> JETS X
#: keyword observables: RAA
#: keyword cmenergies: 5020.0
#: keyword phrases: Inclusive | Jet Production
#: R(JETS),0.4
#: RE,PB PB --> JET(S) X
#: ABS(YRAP),|y| < 2.8
#: SQRT(S)/NUCLEON [GeV],5020.0
#: CENTRALITY,30-40 ptc
PT [GEV] [GeV],PT [GEV] [GeV],Correlation
79,79,1.0
79,89,0.6189
79,100,0.6029
79,112,0.3615
79,126,0.01404
79,141,0.0532
79,158,0.01391
79,178,0.001239
79,200,0.001469
79,224,0.000334
79,251,2.234e-05
79,282,1.513e-06
79,316,8.352e-07
79,355,4.668e-07
79,398,7.614e-08
79,447,3.785e-09
79,501,3.243e-09
79,562,6.852e-10
79,631,1.248e-10
89,79,0.6189
89,89,1.0
89,100,0.01667
89,112,0.303
89,126,0.1464
89,141,0.01274
89,158,0.03085
89,178,0.005942
89,200,0.002231
89,224,0.001007
89,251,2.853e-05
89,282,4.931e-05
89,316,6.516e-06
89,355,1.951e-06
89,398,7.353e-07
89,447,5.992e-08
89,501,1.394e-08
89,562,4.978e-09
89,631,1.123e-09
100,79,0.6029
100,89,0.01667
100,100,1.0
100,112,0.5481
100,126,0.1729
100,141,0.1826
100,158,0.0001406
100,178,0.02847
100,200,0.004065
100,224,0.002225
100,251,0.0006343
100,282,6.929e-05
100,316,4.618e-05
100,355,1.7e-06
100,398,2.23e-06
100,447,5.153e-07
100,501,8.871e-09
100,562,1.405e-08
100,631,4.637e-09
112,79,0.3615
112,89,0.303
112,100,0.5481
112,112,0.1
112,126,0.4324
112,141,0.2224
112,158,0.166
112,178,0.02237
112,200,0.02874
112,224,0.001044
112,251,0.002661
112,282,0.0004338
112,316,0.00011
112,355,3.344e-05
112,398,1.617e-06
112,447,2.124e-06
112,501,2.76e-07
112,562,1.417e-08
112,631,1.512e-08
126,79,0.01404
126,89,0.1464
126,100,0.1729
126,112,0.4324
126,126,1.0
126,141,0.4138
126,158,0.2437
126,178,0.1424
126,200,0.03428
126,224,0.02379
126,251,0.001478
126,282,0.002269
126,316,0.0001735
126,355,0.0001034
126,398,1.978e-05
126,447,3.518e-06
126,501,1.336e-06
126,562,1.225e-07
126,631,2.557e-08
141,79,0.0532
141,89,0.01274
141,100,0.1826
141,112,0.2224
141,126,0.4138
141,141,0.1
141,158,0.3835
141,178,0.2575
141,200,0.1154
141,224,0.03875
141,251,0.01829
141,282,0.002453
141,316,0.001762
141,355,3.018e-05
141,398,8.784e-05
141,447,8.668e-06
141,501,3.1e-06
141,562,8.349e-07
141,631,4.946e-08
158,79,0.01391
158,89,0.03085
158,100,0.0001406
158,112,0.166
158,126,0.2437
158,141,0.3835
158,158,0.1
158,178,0.3507
158,200,0.2675
158,224,0.092
158,251,0.04277
158,282,0.01351
158,316,0.003145
158,355,0.001256
158,398,4.819e-05
158,447,6.764e-05
158,501,2.321e-06
158,562,2.458e-06
158,631,5.914e-07
178,79,0.001239
178,89,0.005942
178,100,0.02847
178,112,0.02237
178,126,0.1424
178,141,0.2575
178,158,0.3507
178,178,1.0
178,200,0.3103
178,224,0.2666
178,251,0.06928
178,282,0.04193
178,316,0.009478
178,355,0.003155
178,398,0.0009523
178,447,0.0001025
178,501,4.518e-05
178,562,5.447e-08
178,631,2.308e-06
200,79,0.001469
200,89,0.002231
200,100,0.004065
200,112,0.02874
200,126,0.03428
200,141,0.1154
200,158,0.2675
200,178,0.3103
200,200,1.0
200,224,0.2768
200,251,0.2705
200,282,0.05201
200,316,0.04089
200,355,0.006003
200,398,0.003041
200,447,0.0006275
200,501,0.0001032
200,562,3.246e-05
200,631,2.279e-06
224,79,0.000334
224,89,0.001007
224,100,0.002225
224,112,0.001044
224,126,0.02379
224,141,0.03875
224,158,0.092
224,178,0.2666
224,200,0.2768
224,224,1.0
224,251,0.2509
224,282,0.268
224,316,0.03812
224,355,0.03853
224,398,0.004575
224,447,0.003074
224,501,0.0003956
224,562,9.63e-05
224,631,2.264e-05
251,79,2.234e-05
251,89,2.853e-05
251,100,0.0006343
251,112,0.002661
251,126,0.001478
251,141,0.01829
251,158,0.04277
251,178,0.06928
251,200,0.2705
251,224,0.2509
251,251,1.0
251,282,0.2316
251,316,0.2598
251,355,0.02316
251,398,0.03532
251,447,0.001928
251,501,0.002432
251,562,0.0003017
251,631,9.01e-05
282,79,1.513e-06
282,89,4.931e-05
282,100,6.929e-05
282,112,0.0004338
282,126,0.002269
282,141,0.002453
282,158,0.01351
282,178,0.04193
282,200,0.05201
282,224,0.268
282,251,0.2316
282,282,1.0
282,316,0.2115
282,355,0.2566
282,398,0.02031
282,447,0.03506
282,501,0.0006904
282,562,0.002257
282,631,0.0001841
316,79,8.352e-07
316,89,6.516e-06
316,100,4.618e-05
316,112,0.00011
316,126,0.0001735
316,141,0.001762
316,158,0.003145
316,178,0.009478
316,200,0.04089
316,224,0.03812
316,251,0.2598
316,282,0.2115
316,316,1.0
316,355,0.1674
316,398,0.2417
316,447,0.001308
316,501,0.02858
316,562,0.0004787
316,631,0.002034
355,79,4.668e-07
355,89,1.951e-06
355,100,1.7e-06
355,112,3.344e-05
355,126,0.0001034
355,141,3.018e-05
355,158,0.001256
355,178,0.003155
355,200,0.006003
355,224,0.03853
355,251,0.02316
355,282,0.2566
355,316,0.1674
355,355,1.0
355,398,0.1813
355,447,0.2451
355,501,0.003473
355,562,0.02686
355,631,0.0009556
398,79,7.614e-08
398,89,7.353e-07
398,100,2.23e-06
398,112,1.617e-06
398,126,1.978e-05
398,141,8.784e-05
398,158,4.819e-05
398,178,0.0009523
398,200,0.003041
398,224,0.004575
398,251,0.03532
398,282,0.02031
398,316,0.2417
398,355,0.1813
398,398,1.0
398,447,0.105
398,501,0.233
398,562,0.001459
398,631,0.02647
447,79,3.785e-09
447,89,5.992e-08
447,100,5.153e-07
447,112,2.124e-06
447,126,3.518e-06
447,141,8.668e-06
447,158,6.764e-05
447,178,0.0001025
447,200,0.0006275
447,224,0.003074
447,251,0.001928
447,282,0.03506
447,316,0.001308
447,355,0.2451
447,398,0.105
447,447,1.0
447,501,0.1167
447,562,0.2098
447,631,0.01188
501,79,3.243e-09
501,89,1.394e-08
501,100,8.871e-09
501,112,2.76e-07
501,126,1.336e-06
501,141,3.1e-06
501,158,2.321e-06
501,178,4.518e-05
501,200,0.0001032
501,224,0.0003956
501,251,0.002432
501,282,0.0006904
501,316,0.02858
501,355,0.003473
501,398,0.233
501,447,0.1167
501,501,1.0
501,562,0.2054
501,631,0.2254
562,79,6.852e-10
562,89,4.978e-09
562,100,1.405e-08
562,112,1.417e-08
562,126,1.225e-07
562,141,8.349e-07
562,158,2.458e-06
562,178,5.447e-08
562,200,3.246e-05
562,224,9.63e-05
562,251,0.0003017
562,282,0.002257
562,316,0.0004787
562,355,0.02686
562,398,0.001459
562,447,0.2098
562,501,0.2054
562,562,1.0
562,631,0.02835
631,79,1.248e-10
631,89,1.123e-09
631,100,4.637e-09
631,112,1.512e-08
631,126,2.557e-08
631,141,4.946e-08
631,158,5.914e-07
631,178,2.308e-06
631,200,2.279e-06
631,224,2.264e-05
631,251,9.01e-05
631,282,0.0001841
631,316,0.002034
631,355,0.0009556
631,398,0.02647
631,447,0.01188
631,501,0.2254
631,562,0.02835
631,631,1.0

