
Welcome to FHead-customized ROOT!


Processing SimultaneousFit.C+("Samples/DataAll.root", 4, "PF", 0.488)...

[1mRooFit v3.13 -- Developed by Wouter Verkerke and David Kirkby[0m 
                Copyright (C) 2000-2010 NIKHEF, University of California & Stanford University
                All rights reserved, please read http://roofit.sourceforge.net/license.txt

[#1] INFO:Eval -- RooAbsReal::attachToTree(NPFJet) TTree Int_t branch NPFJet will be converted to double precision
Number of entries = 2909
1 @2*(@0+@1-1)/(@0+@1)
2 @2/(@0+1*@1)*(@0+2*@1-1)/(@0+2*@1)
3 @2/(@0+1*@1)/(@0+2*@1)*(@0+3*@1-1)/(@0+3*@1)
4 @2/(@0+1*@1)/(@0+2*@1)/(@0+3*@1)
[#1] INFO:Minization -- p.d.f. provides expected number of events, including extended term in likelihood.
[#1] INFO:NumericIntegration -- RooRealIntegral::init(Signal1JetShape_Int[ZMass]) using numeric integrator RooIntegrator1D to calculate Int(ZMass)
[#1] INFO:NumericIntegration -- RooRealIntegral::init(Signal2JetShape_Int[ZMass]) using numeric integrator RooIntegrator1D to calculate Int(ZMass)
[#1] INFO:NumericIntegration -- RooRealIntegral::init(Signal3JetShape_Int[ZMass]) using numeric integrator RooIntegrator1D to calculate Int(ZMass)
[#1] INFO:NumericIntegration -- RooRealIntegral::init(Signal4JetShape_Int[ZMass]) using numeric integrator RooIntegrator1D to calculate Int(ZMass)
[#1] INFO:NumericIntegration -- RooRealIntegral::init(Constrain4Jet_Int[NPFJet]) using numeric integrator RooIntegrator1D to calculate Int(NPFJet)
[#1] INFO:Minization -- RooMinuit::optimizeConst: activating const optimization
[#1] INFO:NumericIntegration -- RooRealIntegral::init(Constrain4Jet_Int[NPFJet]) using numeric integrator RooIntegrator1D to calculate Int(NPFJet)
 **********
 **   13 **MIGRAD        7500           1
 **********
 FIRST CALL TO USER FUNCTION AT NEW START POINT, WITH IFLAG=4.
 MINUIT WARNING IN MIGrad    
 ============== VARIABLE3 IS AT ITS LOWER ALLOWED LIMIT.
 MINUIT WARNING IN MIGrad    
 ============== VARIABLE4 IS AT ITS LOWER ALLOWED LIMIT.
 MINUIT WARNING IN MIGrad    
 ============== VARIABLE5 IS AT ITS LOWER ALLOWED LIMIT.
 MINUIT WARNING IN MIGrad    
 ============== VARIABLE6 IS AT ITS LOWER ALLOWED LIMIT.
 START MIGRAD MINIMIZATION.  STRATEGY  1.  CONVERGENCE WHEN EDM .LT. 1.00e-03
 FCN=-5304.81 FROM MIGRAD    STATUS=INITIATE      141 CALLS         142 TOTAL
                     EDM= unknown      STRATEGY= 1      NO ERROR MATRIX       
  EXT PARAMETER               CURRENT GUESS       STEP         FIRST   
  NO.   NAME      VALUE            ERROR          SIZE      DERIVATIVE 
   1  Alpha        5.00000e+00   9.00000e-01   0.00000e+00   3.63561e+01
   2  AlphaR       4.38000e-01   2.14000e-01   0.00000e+00  -1.04087e+05
   3  Background1JetYield   9.53674e+00   1.00000e+06   0.00000e+00   1.02294e+02
   4  Background2JetYield   9.53674e+00   1.00000e+06   0.00000e+00  -6.02409e+02
   5  Background3JetYield   9.53674e+00   1.00000e+06   0.00000e+00   6.77437e+02
   6  Background4JetYield   9.53674e+00   1.00000e+06   0.00000e+00   5.28469e+02
   7  BackgroundExp1Jet  -3.43411e-02   4.50000e-03   0.00000e+00   2.66078e-02
   8  BackgroundExp2Jet  -9.00000e-03   4.50000e-03   0.00000e+00  -4.20446e-01
   9  BackgroundExp3Jet  -3.39074e-02   4.50000e-03  -1.80370e-01   5.10257e-01
  10  BackgroundExp4Jet  -9.00000e-03   4.50000e-03   0.00000e+00  -5.90189e+00
  11  Beta        -1.00000e-04   6.00000e-01   0.00000e+00   1.61501e+01
  12  PeakPosition   9.01100e+01   2.00000e+00   0.00000e+00  -1.59457e+03
  13  SigmaL       2.30000e+00   1.14500e+00   0.00000e+00   1.13096e+05
  14  SigmaR       2.30000e+00   1.14500e+00   0.00000e+00  -1.81122e+05
  15  SignalInclusiveYield   2.90900e+03   1.45400e+03   0.00000e+00   2.19557e+03
                               ERR DEF= 0.5
 MIGRAD MINIMIZATION HAS CONVERGED.
 MIGRAD WILL VERIFY CONVERGENCE AND ERROR MATRIX.
 COVARIANCE MATRIX CALCULATED SUCCESSFULLY
 FCN=-5368.76 FROM MIGRAD    STATUS=CONVERGED    1010 CALLS        1011 TOTAL
                     EDM=0.000141712    STRATEGY= 1      ERROR MATRIX ACCURATE 
  EXT PARAMETER                                   STEP         FIRST   
  NO.   NAME      VALUE            ERROR          SIZE      DERIVATIVE 
   1  Alpha        3.99496e+00   5.01842e-01   1.86968e-03  -2.16780e-02
   2  AlphaR       4.42175e-01   9.58272e-03   7.48387e-07   4.62368e+02
   3  Background1JetYield   1.12034e+01   2.56647e+01   9.78276e-05   1.95366e+00
   4  Background2JetYield   7.16317e+00   1.14244e+01   5.88176e-05  -2.77552e+00
   5  Background3JetYield   5.80825e+00   5.28798e+00   3.20009e-05  -1.25238e+00
   6  Background4JetYield   1.00986e+01   4.62700e+00   2.14654e-05  -5.36350e+00
   7  BackgroundExp1Jet  -2.99660e-02   5.39502e-02   1.53896e-02   4.78201e-03
   8  BackgroundExp2Jet  -4.37140e-06   1.69543e-01   4.32584e-02   5.76876e-03
   9  BackgroundExp3Jet  -4.48493e-02   4.37733e-02   1.02430e-02   1.91937e-02
  10  BackgroundExp4Jet  -1.61787e-08   1.19252e-02   1.10774e-02** at limit **
  11  Beta         6.33807e-01   4.24329e-01   2.27016e-03  -6.46274e-03
  12  PeakPosition   9.11907e+01   1.35371e-01   3.24717e-04   2.13113e-02
  13  SigmaL       2.55432e+00   1.09329e-01   2.26821e-06   4.26695e+01
  14  SigmaR       2.00203e+00   1.05706e-01   1.93890e-06   1.34436e+02
  15  SignalInclusiveYield   2.87473e+03   6.21142e+01   1.60775e-05   3.53651e-01
                               ERR DEF= 0.5
 EXTERNAL ERROR MATRIX.    NDIM=  32    NPAR= 15    ERR DEF=0.5
 ELEMENTS ABOVE DIAGONAL ARE NOT PRINTED.
  2.530e-01 
 -2.347e-04  9.183e-05 
 -1.081e+00 -1.151e-01  6.587e+02 
  1.649e+00 -4.337e-02  5.823e+01  1.305e+02 
 -9.537e-02 -4.605e-03  6.467e+00  4.788e+00  2.796e+01 
 -6.112e-01 -1.414e-03  2.810e+00 -4.317e-01  2.287e+00  2.141e+01 
 -9.397e-05 -1.711e-04  4.258e-01  8.817e-02  8.111e-03  3.824e-03  3.013e-03 
  4.852e-06  8.872e-07 -1.018e-03  6.959e-05 -2.404e-05 -2.083e-05 -1.935e-06  3.149e-06 
 -2.839e-04 -3.092e-05  4.042e-02  2.469e-02  7.806e-02  8.314e-03  6.714e-05 -2.825e-07  1.945e-03 
  4.412e-09  1.940e-10 -2.158e-07 -9.174e-08 -2.471e-08 -9.690e-08 -5.043e-10  2.723e-12 -1.440e-10  7.748e-10 
 -2.011e-01  1.422e-04  4.326e-01 -1.044e+00  2.862e-01  6.776e-01 -2.469e-05 -3.176e-06  9.685e-04 -5.236e-09  1.813e-01 
 -5.449e-04  5.638e-04 -8.717e-01 -2.230e-01 -4.433e-02 -4.834e-03 -4.429e-04  1.845e-06 -1.347e-04 -1.447e-10  3.709e-04 
 -5.449e-04  5.638e-04 -8.717e-01 -2.230e-01 -4.433e-02 -4.834e-03 -4.429e-04  1.845e-06 -1.347e-04 -1.447e-10  3.709e-04  1.833e-02 
  6.427e-04  3.709e-04 -8.919e-01 -1.986e-01 -5.338e-02 -1.942e-02 -4.804e-04  4.811e-07 -1.829e-04 -3.825e-10 -7.932e-04 
  6.427e-04  3.709e-04 -8.919e-01 -1.986e-01 -5.338e-02 -1.942e-02 -4.804e-04  4.811e-07 -1.829e-04 -3.825e-10 -7.932e-04  9.940e-03  1.195e-02 
  1.422e-03 -6.183e-04  7.021e-01  2.195e-01  2.861e-02 -3.606e-03  4.880e-04 -3.304e-06  9.079e-05 -1.685e-13 -1.157e-03 
  1.422e-03 -6.183e-04  7.021e-01  2.195e-01  2.861e-02 -3.606e-03  4.880e-04 -3.304e-06  9.079e-05 -1.685e-13 -1.157e-03 -1.083e-02 -4.005e-03  1.117e-02 
  1.420e-01  1.671e-01 -7.279e+02 -1.884e+02 -3.586e+01 -1.600e+01 -5.341e-01  1.016e-03 -1.520e-01  4.350e-07 -3.497e-01 
  1.420e-01  1.671e-01 -7.279e+02 -1.884e+02 -3.586e+01 -1.600e+01 -5.341e-01  1.016e-03 -1.520e-01  4.350e-07 -3.497e-01  1.162e+00  1.182e+00 -9.618e-01  3.858e+03 
 PARAMETER  CORRELATION COEFFICIENTS  
       NO.  GLOBAL      1      2      3      4      5      6      7      8      9     10     11     12     13     14     15
        1  0.95009   1.000 -0.049 -0.084  0.287 -0.036 -0.263 -0.003  0.005 -0.013  0.000 -0.939 -0.008  0.012  0.027  0.005
        2  0.76823  -0.049  1.000 -0.468 -0.396 -0.091 -0.032 -0.325  0.052 -0.073  0.001  0.035  0.435  0.354 -0.610  0.281
        3  0.63209  -0.084 -0.468  1.000  0.199  0.048  0.024  0.302 -0.022  0.036 -0.000  0.040 -0.251 -0.318  0.259 -0.457
        4  0.53169   0.287 -0.396  0.199  1.000  0.079 -0.008  0.141  0.003  0.049 -0.000 -0.215 -0.144 -0.159  0.182 -0.265
        5  0.42427  -0.036 -0.091  0.048  0.079  1.000  0.093  0.028 -0.003  0.335 -0.000  0.127 -0.062 -0.092  0.051 -0.109
        6  0.39101  -0.263 -0.032  0.024 -0.008  0.093  1.000  0.015 -0.003  0.041 -0.001  0.344 -0.008 -0.038 -0.007 -0.056
        7  0.39585  -0.003 -0.325  0.302  0.141  0.028  0.015  1.000 -0.020  0.028 -0.000 -0.001 -0.060 -0.080  0.084 -0.157
        8  0.06343   0.005  0.052 -0.022  0.003 -0.003 -0.003 -0.020  1.000 -0.004  0.000 -0.004  0.008  0.002 -0.018  0.009
        9  0.33980  -0.013 -0.073  0.036  0.049  0.335  0.041  0.028 -0.004  1.000 -0.000  0.052 -0.023 -0.038  0.019 -0.055
       10  0.00128   0.000  0.001 -0.000 -0.000 -0.000 -0.001 -0.000  0.000 -0.000  1.000 -0.000 -0.000 -0.000 -0.000  0.000
       11  0.95080  -0.939  0.035  0.040 -0.215  0.127  0.344 -0.001 -0.004  0.052 -0.000  1.000  0.006 -0.017 -0.026 -0.013
       12  0.88234  -0.008  0.435 -0.251 -0.144 -0.062 -0.008 -0.060  0.008 -0.023 -0.000  0.006  1.000  0.672 -0.757  0.138
       13  0.75636   0.012  0.354 -0.318 -0.159 -0.092 -0.038 -0.080  0.002 -0.038 -0.000 -0.017  0.672  1.000 -0.347  0.174
       14  0.85915   0.027 -0.610  0.259  0.182  0.051 -0.007  0.084 -0.018  0.019 -0.000 -0.026 -0.757 -0.347  1.000 -0.146
       15  0.49801   0.005  0.281 -0.457 -0.265 -0.109 -0.056 -0.157  0.009 -0.055  0.000 -0.013  0.138  0.174 -0.146  1.000
 **********
 **   18 **HESSE        7500
 **********
 COVARIANCE MATRIX CALCULATED SUCCESSFULLY
 FCN=-5368.76 FROM HESSE     STATUS=OK            166 CALLS        1177 TOTAL
                     EDM=0.00014268    STRATEGY= 1      ERROR MATRIX ACCURATE 
  EXT PARAMETER                                INTERNAL      INTERNAL  
  NO.   NAME      VALUE            ERROR       STEP SIZE       VALUE   
   1  Alpha        3.99496e+00   5.40045e-01   7.47871e-05  -3.41025e-01
   2  AlphaR       4.42175e-01   9.61841e-03   3.74194e-07  -1.56948e+00
   3  Background1JetYield   1.12034e+01   2.58666e+01   3.91310e-06  -1.56868e+00
   4  Background2JetYield   7.16317e+00   1.14593e+01   2.35270e-06  -1.56910e+00
   5  Background3JetYield   5.80825e+00   5.30992e+00   1.28003e-06  -1.56927e+00
   6  Background4JetYield   1.00986e+01   4.66683e+00   4.29308e-06  -1.56879e+00
   7  BackgroundExp1Jet  -2.99660e-02   5.47725e-02   6.15584e-04   1.22283e+00
   8  BackgroundExp2Jet  -4.37140e-06   1.70606e-01   8.65168e-03   1.57498e+00
   9  BackgroundExp3Jet  -4.48493e-02   4.39345e-02   2.04859e-03   1.14401e+00
  10  BackgroundExp4Jet  -1.61787e-08   1.19360e-02   2.21548e-03   1.57105e+00
                                 WARNING -   - ABOVE PARAMETER IS AT LIMIT.
  11  Beta         6.33807e-01   4.57002e-01   9.08066e-05   2.12873e-01
  12  PeakPosition   9.11907e+01   1.35913e-01   1.29887e-05   1.19353e-01
  13  SigmaL       2.55432e+00   1.09359e-01   4.53641e-07  -1.56761e+00
  14  SigmaR       2.00203e+00   1.06172e-01   3.87781e-07  -1.56797e+00
  15  SignalInclusiveYield   2.87473e+03   6.19727e+01   3.21551e-06  -1.53689e+00
                               ERR DEF= 0.5
 EXTERNAL ERROR MATRIX.    NDIM=  32    NPAR= 15    ERR DEF=0.5
 ELEMENTS ABOVE DIAGONAL ARE NOT PRINTED.
  2.932e-01 
 -2.582e-04  9.251e-05 
 -1.207e+00 -1.176e-01  6.691e+02 
  1.856e+00 -4.365e-02  5.845e+01  1.313e+02 
 -1.360e-01 -4.654e-03  6.779e+00  4.563e+00  2.820e+01 
 -7.334e-01 -1.355e-03  3.295e+00 -1.107e+00  2.422e+00  2.178e+01 
 -2.390e-04 -1.844e-04  4.997e-01  9.443e-02  8.990e-03  4.296e-03  3.109e-03 
  1.649e-06  3.037e-07 -3.590e-04  7.787e-06 -9.090e-06 -7.658e-06 -6.993e-07  3.170e-06 
 -4.378e-04 -3.160e-05  4.281e-02  2.443e-02  8.108e-02  9.054e-03  7.320e-05 -9.971e-08  1.960e-03 
  1.275e-09  4.572e-11 -5.365e-08 -2.045e-08 -6.178e-09 -2.375e-08 -1.256e-10  2.186e-13 -3.579e-11  7.755e-10 
 -2.355e-01  1.632e-04  5.465e-01 -1.227e+00  3.215e-01  7.814e-01  5.073e-05 -1.127e-06  1.125e-03 -1.435e-09  2.106e-01 
 -6.370e-04  5.713e-04 -8.760e-01 -2.249e-01 -4.503e-02 -4.729e-03 -5.335e-04  6.669e-07 -1.430e-04 -3.677e-11  4.336e-04 
 -6.370e-04  5.713e-04 -8.760e-01 -2.249e-01 -4.503e-02 -4.729e-03 -5.335e-04  6.669e-07 -1.430e-04 -3.677e-11  4.336e-04  1.847e-02 
  7.845e-04  3.740e-04 -8.915e-01 -1.971e-01 -5.407e-02 -2.000e-02 -5.765e-04  1.998e-07 -1.927e-04 -8.987e-11 -9.280e-04 
  7.845e-04  3.740e-04 -8.915e-01 -1.971e-01 -5.407e-02 -2.000e-02 -5.765e-04  1.998e-07 -1.927e-04 -8.987e-11 -9.280e-04  9.991e-03  1.196e-02 
  1.657e-03 -6.250e-04  7.085e-01  2.227e-01  2.902e-02 -4.193e-03  5.591e-04 -1.151e-06  9.563e-05  1.783e-12 -1.347e-03 
  1.657e-03 -6.250e-04  7.085e-01  2.227e-01  2.902e-02 -4.193e-03  5.591e-04 -1.151e-06  9.563e-05  1.783e-12 -1.347e-03 -1.095e-02 -4.048e-03  1.127e-02 
  2.204e-01  1.674e-01 -7.268e+02 -1.862e+02 -3.616e+01 -1.629e+01 -6.077e-01  3.683e-04 -1.574e-01  1.040e-07 -4.221e-01 
  2.204e-01  1.674e-01 -7.268e+02 -1.862e+02 -3.616e+01 -1.629e+01 -6.077e-01  3.683e-04 -1.574e-01  1.040e-07 -4.221e-01  1.151e+00  1.163e+00 -9.565e-01  3.841e+03 
 PARAMETER  CORRELATION COEFFICIENTS  
       NO.  GLOBAL      1      2      3      4      5      6      7      8      9     10     11     12     13     14     15
        1  0.95709   1.000 -0.050 -0.086  0.299 -0.047 -0.290 -0.008  0.002 -0.018  0.000 -0.948 -0.009  0.013  0.029  0.007
        2  0.77021  -0.050  1.000 -0.473 -0.396 -0.091 -0.030 -0.344  0.018 -0.074  0.000  0.037  0.437  0.356 -0.612  0.281
        3  0.63927  -0.086 -0.473  1.000  0.197  0.049  0.027  0.346 -0.008  0.037 -0.000  0.046 -0.249 -0.315  0.258 -0.453
        4  0.53577   0.299 -0.396  0.197  1.000  0.075 -0.021  0.148  0.000  0.048 -0.000 -0.233 -0.144 -0.157  0.183 -0.262
        5  0.43225  -0.047 -0.091  0.049  0.075  1.000  0.098  0.030 -0.001  0.345 -0.000  0.132 -0.062 -0.093  0.051 -0.110
        6  0.40902  -0.290 -0.030  0.027 -0.021  0.098  1.000  0.017 -0.001  0.044 -0.000  0.365 -0.007 -0.039 -0.008 -0.056
        7  0.42840  -0.008 -0.344  0.346  0.148  0.030  0.017  1.000 -0.007  0.030 -0.000  0.002 -0.070 -0.095  0.094 -0.176
        8  0.02114   0.002  0.018 -0.008  0.000 -0.001 -0.001 -0.007  1.000 -0.001  0.000 -0.001  0.003  0.001 -0.006  0.003
        9  0.34995  -0.018 -0.074  0.037  0.048  0.345  0.044  0.030 -0.001  1.000 -0.000  0.055 -0.024 -0.040  0.020 -0.057
       10  0.00030   0.000  0.000 -0.000 -0.000 -0.000 -0.000 -0.000  0.000 -0.000  1.000 -0.000 -0.000 -0.000  0.000  0.000
       11  0.95779  -0.948  0.037  0.046 -0.233  0.132  0.365  0.002 -0.001  0.055 -0.000  1.000  0.007 -0.018 -0.028 -0.015
       12  0.88328  -0.009  0.437 -0.249 -0.144 -0.062 -0.007 -0.070  0.003 -0.024 -0.000  0.007  1.000  0.672 -0.759  0.137
       13  0.75652   0.013  0.356 -0.315 -0.157 -0.093 -0.039 -0.095  0.001 -0.040 -0.000 -0.018  0.672  1.000 -0.349  0.172
       14  0.86048   0.029 -0.612  0.258  0.183  0.051 -0.008  0.094 -0.006  0.020  0.000 -0.028 -0.759 -0.349  1.000 -0.145
       15  0.49455   0.007  0.281 -0.453 -0.262 -0.110 -0.056 -0.176  0.003 -0.057  0.000 -0.015  0.137  0.172 -0.145  1.000
[#1] INFO:Minization -- RooMinuit::optimizeConst: deactivating const optimization
[#1] INFO:Plotting -- RooAbsReal::plotOn(FinalModel) plot on ZMass integrates over variables (NPFJet)
[#1] INFO:NumericIntegration -- RooRealIntegral::init(Signal1JetShape_Int[ZMass]) using numeric integrator RooIntegrator1D to calculate Int(ZMass)
[#1] INFO:NumericIntegration -- RooRealIntegral::init(Signal2JetShape_Int[ZMass]) using numeric integrator RooIntegrator1D to calculate Int(ZMass)
[#1] INFO:NumericIntegration -- RooRealIntegral::init(Signal3JetShape_Int[ZMass]) using numeric integrator RooIntegrator1D to calculate Int(ZMass)
[#1] INFO:NumericIntegration -- RooRealIntegral::init(Signal4JetShape_Int[ZMass]) using numeric integrator RooIntegrator1D to calculate Int(ZMass)
[#1] INFO:NumericIntegration -- RooRealIntegral::init(Constrain4Jet_Int[NPFJet]) using numeric integrator RooIntegrator1D to calculate Int(NPFJet)
[#1] INFO:Plotting -- RooAbsPdf::plotOn(FinalModel) directly selected PDF components: (Signal1Jet)
[#1] INFO:Plotting -- RooAbsPdf::plotOn(FinalModel) indirectly selected PDF components: (Signal1JetShape,Constrain1Jet)
[#1] INFO:Plotting -- RooAbsReal::plotOn(FinalModel) plot on ZMass integrates over variables (NPFJet)
[#1] INFO:NumericIntegration -- RooRealIntegral::init(Signal1JetShape_Int[ZMass]) using numeric integrator RooIntegrator1D to calculate Int(ZMass)
[#1] INFO:NumericIntegration -- RooRealIntegral::init(Signal2JetShape_Int[ZMass]) using numeric integrator RooIntegrator1D to calculate Int(ZMass)
[#1] INFO:NumericIntegration -- RooRealIntegral::init(Signal3JetShape_Int[ZMass]) using numeric integrator RooIntegrator1D to calculate Int(ZMass)
[#1] INFO:NumericIntegration -- RooRealIntegral::init(Signal4JetShape_Int[ZMass]) using numeric integrator RooIntegrator1D to calculate Int(ZMass)
[#1] INFO:NumericIntegration -- RooRealIntegral::init(Constrain4Jet_Int[NPFJet]) using numeric integrator RooIntegrator1D to calculate Int(NPFJet)
[#1] INFO:Plotting -- RooAbsPdf::plotOn(FinalModel) directly selected PDF components: (Signal2Jet)
[#1] INFO:Plotting -- RooAbsPdf::plotOn(FinalModel) indirectly selected PDF components: (Signal2JetShape,Constrain2Jet)
[#1] INFO:Plotting -- RooAbsReal::plotOn(FinalModel) plot on ZMass integrates over variables (NPFJet)
[#1] INFO:NumericIntegration -- RooRealIntegral::init(Signal1JetShape_Int[ZMass]) using numeric integrator RooIntegrator1D to calculate Int(ZMass)
[#1] INFO:NumericIntegration -- RooRealIntegral::init(Signal2JetShape_Int[ZMass]) using numeric integrator RooIntegrator1D to calculate Int(ZMass)
[#1] INFO:NumericIntegration -- RooRealIntegral::init(Signal3JetShape_Int[ZMass]) using numeric integrator RooIntegrator1D to calculate Int(ZMass)
[#1] INFO:NumericIntegration -- RooRealIntegral::init(Signal4JetShape_Int[ZMass]) using numeric integrator RooIntegrator1D to calculate Int(ZMass)
[#1] INFO:NumericIntegration -- RooRealIntegral::init(Constrain4Jet_Int[NPFJet]) using numeric integrator RooIntegrator1D to calculate Int(NPFJet)
[#1] INFO:Plotting -- RooAbsPdf::plotOn(FinalModel) directly selected PDF components: (Signal3Jet)
[#1] INFO:Plotting -- RooAbsPdf::plotOn(FinalModel) indirectly selected PDF components: (Signal3JetShape,Constrain3Jet)
[#1] INFO:Plotting -- RooAbsReal::plotOn(FinalModel) plot on ZMass integrates over variables (NPFJet)
[#1] INFO:NumericIntegration -- RooRealIntegral::init(Signal1JetShape_Int[ZMass]) using numeric integrator RooIntegrator1D to calculate Int(ZMass)
[#1] INFO:NumericIntegration -- RooRealIntegral::init(Signal2JetShape_Int[ZMass]) using numeric integrator RooIntegrator1D to calculate Int(ZMass)
[#1] INFO:NumericIntegration -- RooRealIntegral::init(Signal3JetShape_Int[ZMass]) using numeric integrator RooIntegrator1D to calculate Int(ZMass)
[#1] INFO:NumericIntegration -- RooRealIntegral::init(Signal4JetShape_Int[ZMass]) using numeric integrator RooIntegrator1D to calculate Int(ZMass)
[#1] INFO:NumericIntegration -- RooRealIntegral::init(Constrain4Jet_Int[NPFJet]) using numeric integrator RooIntegrator1D to calculate Int(NPFJet)
[#1] INFO:Plotting -- RooAbsPdf::plotOn(FinalModel) directly selected PDF components: (Signal4Jet)
[#1] INFO:Plotting -- RooAbsPdf::plotOn(FinalModel) indirectly selected PDF components: (Signal4JetShape,Constrain4Jet)
[#1] INFO:Plotting -- RooAbsReal::plotOn(FinalModel) plot on ZMass integrates over variables (NPFJet)
[#1] INFO:NumericIntegration -- RooRealIntegral::init(Signal1JetShape_Int[ZMass]) using numeric integrator RooIntegrator1D to calculate Int(ZMass)
[#1] INFO:NumericIntegration -- RooRealIntegral::init(Signal2JetShape_Int[ZMass]) using numeric integrator RooIntegrator1D to calculate Int(ZMass)
[#1] INFO:NumericIntegration -- RooRealIntegral::init(Signal3JetShape_Int[ZMass]) using numeric integrator RooIntegrator1D to calculate Int(ZMass)
[#1] INFO:NumericIntegration -- RooRealIntegral::init(Signal4JetShape_Int[ZMass]) using numeric integrator RooIntegrator1D to calculate Int(ZMass)
[#1] INFO:NumericIntegration -- RooRealIntegral::init(Constrain4Jet_Int[NPFJet]) using numeric integrator RooIntegrator1D to calculate Int(NPFJet)
[#1] INFO:Plotting -- RooAbsPdf::plotOn(FinalModel) directly selected PDF components: (Signal1Jet,Background1Jet)
[#1] INFO:Plotting -- RooAbsPdf::plotOn(FinalModel) indirectly selected PDF components: (Signal1JetShape,Constrain1Jet,Background1JetShape)
[#1] INFO:NumericIntegration -- RooRealIntegral::init(Signal1JetShape_Int[ZMass]) using numeric integrator RooIntegrator1D to calculate Int(ZMass)
[#1] INFO:NumericIntegration -- RooRealIntegral::init(Signal2JetShape_Int[ZMass]) using numeric integrator RooIntegrator1D to calculate Int(ZMass)
[#1] INFO:NumericIntegration -- RooRealIntegral::init(Signal3JetShape_Int[ZMass]) using numeric integrator RooIntegrator1D to calculate Int(ZMass)
[#1] INFO:NumericIntegration -- RooRealIntegral::init(Signal4JetShape_Int[ZMass]) using numeric integrator RooIntegrator1D to calculate Int(ZMass)
[#1] INFO:Plotting -- RooAbsPdf::plotOn(FinalModel) directly selected PDF components: (Background1Jet)
[#1] INFO:Plotting -- RooAbsPdf::plotOn(FinalModel) indirectly selected PDF components: (Constrain1Jet,Background1JetShape)
[#1] INFO:NumericIntegration -- RooRealIntegral::init(Signal1JetShape_Int[ZMass]) using numeric integrator RooIntegrator1D to calculate Int(ZMass)
[#1] INFO:NumericIntegration -- RooRealIntegral::init(Signal2JetShape_Int[ZMass]) using numeric integrator RooIntegrator1D to calculate Int(ZMass)
[#1] INFO:NumericIntegration -- RooRealIntegral::init(Signal3JetShape_Int[ZMass]) using numeric integrator RooIntegrator1D to calculate Int(ZMass)
[#1] INFO:NumericIntegration -- RooRealIntegral::init(Signal4JetShape_Int[ZMass]) using numeric integrator RooIntegrator1D to calculate Int(ZMass)
[#1] INFO:Plotting -- RooPlot::updateFitRangeNorm: New event count of 2264 will supercede previous event count of 1 for normalization of PDF projections
[#1] INFO:Plotting -- RooAbsPdf::plotOn(FinalModel) directly selected PDF components: (Signal2Jet,Background2Jet)
[#1] INFO:Plotting -- RooAbsPdf::plotOn(FinalModel) indirectly selected PDF components: (Signal2JetShape,Constrain2Jet,Background2JetShape)
[#1] INFO:NumericIntegration -- RooRealIntegral::init(Signal1JetShape_Int[ZMass]) using numeric integrator RooIntegrator1D to calculate Int(ZMass)
[#1] INFO:NumericIntegration -- RooRealIntegral::init(Signal2JetShape_Int[ZMass]) using numeric integrator RooIntegrator1D to calculate Int(ZMass)
[#1] INFO:NumericIntegration -- RooRealIntegral::init(Signal3JetShape_Int[ZMass]) using numeric integrator RooIntegrator1D to calculate Int(ZMass)
[#1] INFO:NumericIntegration -- RooRealIntegral::init(Signal4JetShape_Int[ZMass]) using numeric integrator RooIntegrator1D to calculate Int(ZMass)
[#1] INFO:Plotting -- RooAbsPdf::plotOn(FinalModel) directly selected PDF components: (Background2Jet)
[#1] INFO:Plotting -- RooAbsPdf::plotOn(FinalModel) indirectly selected PDF components: (Constrain2Jet,Background2JetShape)
[#1] INFO:NumericIntegration -- RooRealIntegral::init(Signal1JetShape_Int[ZMass]) using numeric integrator RooIntegrator1D to calculate Int(ZMass)
[#1] INFO:NumericIntegration -- RooRealIntegral::init(Signal2JetShape_Int[ZMass]) using numeric integrator RooIntegrator1D to calculate Int(ZMass)
[#1] INFO:NumericIntegration -- RooRealIntegral::init(Signal3JetShape_Int[ZMass]) using numeric integrator RooIntegrator1D to calculate Int(ZMass)
[#1] INFO:NumericIntegration -- RooRealIntegral::init(Signal4JetShape_Int[ZMass]) using numeric integrator RooIntegrator1D to calculate Int(ZMass)
[#1] INFO:Plotting -- RooPlot::updateFitRangeNorm: New event count of 513 will supercede previous event count of 1 for normalization of PDF projections
[#1] INFO:Plotting -- RooAbsPdf::plotOn(FinalModel) directly selected PDF components: (Signal3Jet,Background3Jet)
[#1] INFO:Plotting -- RooAbsPdf::plotOn(FinalModel) indirectly selected PDF components: (Signal3JetShape,Constrain3Jet,Background3JetShape)
[#1] INFO:NumericIntegration -- RooRealIntegral::init(Signal1JetShape_Int[ZMass]) using numeric integrator RooIntegrator1D to calculate Int(ZMass)
[#1] INFO:NumericIntegration -- RooRealIntegral::init(Signal2JetShape_Int[ZMass]) using numeric integrator RooIntegrator1D to calculate Int(ZMass)
[#1] INFO:NumericIntegration -- RooRealIntegral::init(Signal3JetShape_Int[ZMass]) using numeric integrator RooIntegrator1D to calculate Int(ZMass)
[#1] INFO:NumericIntegration -- RooRealIntegral::init(Signal4JetShape_Int[ZMass]) using numeric integrator RooIntegrator1D to calculate Int(ZMass)
[#1] INFO:Plotting -- RooAbsPdf::plotOn(FinalModel) directly selected PDF components: (Background3Jet)
[#1] INFO:Plotting -- RooAbsPdf::plotOn(FinalModel) indirectly selected PDF components: (Constrain3Jet,Background3JetShape)
[#1] INFO:NumericIntegration -- RooRealIntegral::init(Signal1JetShape_Int[ZMass]) using numeric integrator RooIntegrator1D to calculate Int(ZMass)
[#1] INFO:NumericIntegration -- RooRealIntegral::init(Signal2JetShape_Int[ZMass]) using numeric integrator RooIntegrator1D to calculate Int(ZMass)
[#1] INFO:NumericIntegration -- RooRealIntegral::init(Signal3JetShape_Int[ZMass]) using numeric integrator RooIntegrator1D to calculate Int(ZMass)
[#1] INFO:NumericIntegration -- RooRealIntegral::init(Signal4JetShape_Int[ZMass]) using numeric integrator RooIntegrator1D to calculate Int(ZMass)
[#1] INFO:Plotting -- RooPlot::updateFitRangeNorm: New event count of 101 will supercede previous event count of 1 for normalization of PDF projections
[#1] INFO:Plotting -- RooAbsPdf::plotOn(FinalModel) directly selected PDF components: (Signal4Jet,Background4Jet)
[#1] INFO:Plotting -- RooAbsPdf::plotOn(FinalModel) indirectly selected PDF components: (Signal4JetShape,Constrain4Jet,Background4JetShape)
[#1] INFO:NumericIntegration -- RooRealIntegral::init(Signal1JetShape_Int[ZMass]) using numeric integrator RooIntegrator1D to calculate Int(ZMass)
[#1] INFO:NumericIntegration -- RooRealIntegral::init(Signal2JetShape_Int[ZMass]) using numeric integrator RooIntegrator1D to calculate Int(ZMass)
[#1] INFO:NumericIntegration -- RooRealIntegral::init(Signal3JetShape_Int[ZMass]) using numeric integrator RooIntegrator1D to calculate Int(ZMass)
[#1] INFO:NumericIntegration -- RooRealIntegral::init(Signal4JetShape_Int[ZMass]) using numeric integrator RooIntegrator1D to calculate Int(ZMass)
[#1] INFO:Plotting -- RooAbsPdf::plotOn(FinalModel) directly selected PDF components: (Background4Jet)
[#1] INFO:Plotting -- RooAbsPdf::plotOn(FinalModel) indirectly selected PDF components: (Constrain4Jet,Background4JetShape)
[#1] INFO:NumericIntegration -- RooRealIntegral::init(Signal1JetShape_Int[ZMass]) using numeric integrator RooIntegrator1D to calculate Int(ZMass)
[#1] INFO:NumericIntegration -- RooRealIntegral::init(Signal2JetShape_Int[ZMass]) using numeric integrator RooIntegrator1D to calculate Int(ZMass)
[#1] INFO:NumericIntegration -- RooRealIntegral::init(Signal3JetShape_Int[ZMass]) using numeric integrator RooIntegrator1D to calculate Int(ZMass)
[#1] INFO:NumericIntegration -- RooRealIntegral::init(Signal4JetShape_Int[ZMass]) using numeric integrator RooIntegrator1D to calculate Int(ZMass)
[#1] INFO:Plotting -- RooPlot::updateFitRangeNorm: New event count of 31 will supercede previous event count of 1 for normalization of PDF projections
Correlation between alpha and beta = -0.947689
!

Welcome to FHead-customized ROOT!


Processing SimultaneousFit.C+("Samples/DataAll.root", 5, "Calo", 0.522)...

[1mRooFit v3.13 -- Developed by Wouter Verkerke and David Kirkby[0m 
                Copyright (C) 2000-2010 NIKHEF, University of California & Stanford University
                All rights reserved, please read http://roofit.sourceforge.net/license.txt

[#1] INFO:Eval -- RooAbsReal::attachToTree(NCaloJet) TTree Int_t branch NCaloJet will be converted to double precision
Number of entries = 3564
1 @2*(@0+@1-1)/(@0+@1)
2 @2/(@0+1*@1)*(@0+2*@1-1)/(@0+2*@1)
3 @2/(@0+1*@1)/(@0+2*@1)*(@0+3*@1-1)/(@0+3*@1)
4 @2/(@0+1*@1)/(@0+2*@1)/(@0+3*@1)*(@0+4*@1-1)/(@0+4*@1)
5 @2/(@0+1*@1)/(@0+2*@1)/(@0+3*@1)/(@0+4*@1)
[#1] INFO:Minization -- p.d.f. provides expected number of events, including extended term in likelihood.
[#1] INFO:NumericIntegration -- RooRealIntegral::init(Signal1JetShape_Int[ZMass]) using numeric integrator RooIntegrator1D to calculate Int(ZMass)
[#1] INFO:NumericIntegration -- RooRealIntegral::init(Signal2JetShape_Int[ZMass]) using numeric integrator RooIntegrator1D to calculate Int(ZMass)
[#1] INFO:NumericIntegration -- RooRealIntegral::init(Signal3JetShape_Int[ZMass]) using numeric integrator RooIntegrator1D to calculate Int(ZMass)
[#1] INFO:NumericIntegration -- RooRealIntegral::init(Signal4JetShape_Int[ZMass]) using numeric integrator RooIntegrator1D to calculate Int(ZMass)
[#1] INFO:NumericIntegration -- RooRealIntegral::init(Signal5JetShape_Int[ZMass]) using numeric integrator RooIntegrator1D to calculate Int(ZMass)
[#1] INFO:NumericIntegration -- RooRealIntegral::init(Constrain5Jet_Int[NCaloJet]) using numeric integrator RooIntegrator1D to calculate Int(NCaloJet)
[#1] INFO:Minization -- RooMinuit::optimizeConst: activating const optimization
[#1] INFO:NumericIntegration -- RooRealIntegral::init(Constrain5Jet_Int[NCaloJet]) using numeric integrator RooIntegrator1D to calculate Int(NCaloJet)
 **********
 **   13 **MIGRAD        8500           1
 **********
 FIRST CALL TO USER FUNCTION AT NEW START POINT, WITH IFLAG=4.
 MINUIT WARNING IN MIGrad    
 ============== VARIABLE3 IS AT ITS LOWER ALLOWED LIMIT.
 MINUIT WARNING IN MIGrad    
 ============== VARIABLE4 IS AT ITS LOWER ALLOWED LIMIT.
 MINUIT WARNING IN MIGrad    
 ============== VARIABLE5 IS AT ITS LOWER ALLOWED LIMIT.
 MINUIT WARNING IN MIGrad    
 ============== VARIABLE6 IS AT ITS LOWER ALLOWED LIMIT.
 MINUIT WARNING IN MIGrad    
 ============== VARIABLE7 IS AT ITS LOWER ALLOWED LIMIT.
 START MIGRAD MINIMIZATION.  STRATEGY  1.  CONVERGENCE WHEN EDM .LT. 1.00e-03
 FCN=-6842.84 FROM MIGRAD    STATUS=INITIATE      160 CALLS         161 TOTAL
                     EDM= unknown      STRATEGY= 1      NO ERROR MATRIX       
  EXT PARAMETER               CURRENT GUESS       STEP         FIRST   
  NO.   NAME      VALUE            ERROR          SIZE      DERIVATIVE 
   1  Alpha        5.00000e+00   9.00000e-01   0.00000e+00   8.92218e+01
   2  AlphaR       4.38000e-01   2.14000e-01   0.00000e+00  -1.68730e+05
   3  Background1JetYield   9.53674e+00   1.00000e+06   0.00000e+00   1.47654e+02
   4  Background2JetYield   9.53674e+00   1.00000e+06   0.00000e+00  -1.62825e+03
   5  Background3JetYield   9.53674e+00   1.00000e+06   0.00000e+00  -2.07815e+03
   6  Background4JetYield   9.53674e+00   1.00000e+06   0.00000e+00   4.92310e+02
   7  Background5JetYield   9.53674e+00   1.00000e+06   0.00000e+00   4.82099e+03
   8  BackgroundExp1Jet  -4.82305e-02   4.50000e-03   0.00000e+00   6.62113e-02
   9  BackgroundExp2Jet  -9.00000e-03   4.50000e-03   0.00000e+00  -4.25364e-01
  10  BackgroundExp3Jet  -5.57806e-02   4.50000e-03  -2.86842e-01  -4.12093e-02
  11  BackgroundExp4Jet  -9.00000e-03   4.50000e-03   0.00000e+00  -4.07657e+00
  12  BackgroundExp5Jet  -9.00000e-03   4.50000e-03   0.00000e+00  -1.43666e+00
  13  Beta        -1.00000e-04   6.00000e-01   0.00000e+00   5.73828e+01
  14  PeakPosition   9.01100e+01   2.00000e+00   0.00000e+00  -1.98804e+03
  15  SigmaL       2.30000e+00   1.14500e+00   0.00000e+00   1.78076e+05
  16  SigmaR       2.30000e+00   1.14500e+00   0.00000e+00  -2.32249e+05
  17  SignalInclusiveYield   3.56400e+03   1.78150e+03   0.00000e+00   2.43505e+03
                               ERR DEF= 0.5
 MIGRAD MINIMIZATION HAS CONVERGED.
 MIGRAD WILL VERIFY CONVERGENCE AND ERROR MATRIX.
 COVARIANCE MATRIX CALCULATED SUCCESSFULLY
 FCN=-6929.52 FROM MIGRAD    STATUS=CONVERGED    1303 CALLS        1304 TOTAL
                     EDM=0.000153265    STRATEGY= 1      ERROR MATRIX ACCURATE 
  EXT PARAMETER                                   STEP         FIRST   
  NO.   NAME      VALUE            ERROR          SIZE      DERIVATIVE 
   1  Alpha        4.34703e+00   3.73477e-01   1.78716e-03   2.42067e-02
   2  AlphaR       4.31924e-01   1.17818e-02   7.48395e-07   1.56499e+02
   3  Background1JetYield   4.30321e+01   3.80854e+01   7.08560e-05   6.90267e-01
   4  Background2JetYield   2.66463e+01   1.52229e+01   4.41564e-05   1.37239e+00
   5  Background3JetYield   1.50399e+01   7.51102e+00   3.14473e-05  -1.29554e+00
   6  Background4JetYield   7.34368e+00   4.33986e+00   2.75648e-05  -2.87510e+00
   7  Background5JetYield   2.93053e+00   2.47904e+00   2.47672e-05  -2.16235e+00
   8  BackgroundExp1Jet  -2.81875e-02   2.75834e-02   7.66888e-03  -1.58351e-02
   9  BackgroundExp2Jet  -8.33345e-03   2.66190e-02   1.47762e-02  -1.37859e-02
  10  BackgroundExp3Jet  -4.53711e-02   2.81283e-02   7.20345e-03  -1.28008e-02
  11  BackgroundExp4Jet  -1.74730e-06   2.23694e-02   1.72626e-02  -2.92385e-02
  12  BackgroundExp5Jet  -1.86183e-08   8.89927e-02   3.48848e-02** at limit **
  13  Beta         1.81826e-01   2.87418e-01   1.99426e-03   7.94653e-02
  14  PeakPosition   9.10074e+01   1.34672e-01   3.39906e-04  -3.11759e-01
  15  SigmaL       2.28827e+00   1.05406e-01   2.49200e-06   1.22717e+01
  16  SigmaR       2.11135e+00   1.05520e-01   1.99455e-06   3.11570e+01
  17  SignalInclusiveYield   3.46908e+03   7.41973e+01   1.83924e-05   4.18784e+00
                               ERR DEF= 0.5
 EXTERNAL ERROR MATRIX.    NDIM=  36    NPAR= 17    ERR DEF=0.5
 ELEMENTS ABOVE DIAGONAL ARE NOT PRINTED.
  1.398e-01 
  1.039e-04  1.388e-04 
 -1.871e+00 -2.844e-01  1.450e+03 
  1.773e+00 -5.582e-02  1.229e+02  2.317e+02 
  1.745e-01 -1.200e-02  2.360e+01  1.342e+01  5.642e+01 
 -2.160e-01 -3.522e-03  7.507e+00  1.620e+00  2.679e+00  1.883e+01 
 -2.118e-01 -9.136e-04  2.585e+00 -1.033e+00  1.093e+00  1.092e+00  6.146e+00 
 -3.076e-04 -1.807e-04  4.518e-01  7.409e-02  1.610e-02  5.110e-03  1.427e-03  7.680e-04 
  1.292e-03  1.054e-04 -2.127e-01  7.869e-02 -3.647e-03 -2.814e-03 -1.714e-03 -1.591e-04  7.298e-04 
  2.896e-04 -4.554e-05  9.383e-02  3.410e-02  7.693e-02  5.593e-03  2.182e-03  6.902e-05 -3.051e-05  7.961e-04 
 -5.890e-08  5.656e-09 -1.137e-05 -2.160e-06  2.338e-07  3.267e-06  2.791e-07 -9.145e-09  5.706e-09 -1.006e-09  1.575e-07 
 -1.641e-07  1.536e-09 -2.626e-06 -1.713e-06  6.594e-07  7.918e-07  2.495e-06 -2.574e-09  9.099e-10  7.679e-10  3.579e-13 
 -1.641e-07  1.536e-09 -2.626e-06 -1.713e-06  6.594e-07  7.918e-07  2.495e-06 -2.574e-09  9.099e-10  7.679e-10  3.579e-13  6.834e-09 
 -9.822e-02 -6.736e-05  8.042e-01 -1.021e+00  1.185e-01  2.937e-01  2.201e-01  1.708e-04 -7.573e-04  2.319e-04  8.390e-08 
 -9.822e-02 -6.736e-05  8.042e-01 -1.021e+00  1.185e-01  2.937e-01  2.201e-01  1.708e-04 -7.573e-04  2.319e-04  8.390e-08  1.712e-07  8.286e-02 
  3.612e-04  7.139e-04 -1.528e+00 -3.129e-01 -6.755e-02 -1.727e-02 -4.237e-03 -4.768e-04  1.928e-04 -1.308e-04  1.029e-09 
  3.612e-04  7.139e-04 -1.528e+00 -3.129e-01 -6.755e-02 -1.727e-02 -4.237e-03 -4.768e-04  1.928e-04 -1.308e-04  1.029e-09 -1.687e-09 -2.241e-04  1.814e-02 
  6.091e-04  4.595e-04 -1.253e+00 -2.535e-01 -7.166e-02 -2.350e-02 -7.368e-03 -4.031e-04  1.104e-04 -1.657e-04 -7.882e-09 
  6.091e-04  4.595e-04 -1.253e+00 -2.535e-01 -7.166e-02 -2.350e-02 -7.368e-03 -4.031e-04  1.104e-04 -1.657e-04 -7.882e-09 -5.328e-09 -6.379e-04  1.021e-02  1.111e-02 
 -2.298e-04 -7.927e-04  1.483e+00  2.982e-01  5.418e-02  1.053e-02  1.792e-03  5.727e-04 -3.107e-04  1.121e-04 -1.072e-08 
 -2.298e-04 -7.927e-04  1.483e+00  2.982e-01  5.418e-02  1.053e-02  1.792e-03  5.727e-04 -3.107e-04  1.121e-04 -1.072e-08 -1.690e-09 -2.977e-05 -1.103e-02 -4.623e-03  1.113e-02 
  3.597e-01  3.581e-01 -1.572e+03 -3.429e+02 -8.222e+01 -2.440e+01 -6.947e+00 -5.507e-01  1.434e-01 -2.127e-01  9.849e-06 
  3.597e-01  3.581e-01 -1.572e+03 -3.429e+02 -8.222e+01 -2.440e+01 -6.947e+00 -5.507e-01  1.434e-01 -2.127e-01  9.849e-06  4.141e-07 -4.186e-01  1.938e+00  1.616e+00 -1.855e+00  5.505e+03 
 PARAMETER  CORRELATION COEFFICIENTS  
       NO.  GLOBAL      1      2      3      4      5      6      7      8      9     10     11     12     13     14     15     16
        1  0.93235   1.000  0.024 -0.131  0.311  0.062 -0.133 -0.229 -0.030  0.128  0.027 -0.000 -0.005 -0.912  0.007  0.015 -0.006
        2  0.86010   0.024  1.000 -0.634 -0.311 -0.136 -0.069 -0.031 -0.553  0.331 -0.137  0.001  0.002 -0.020  0.450  0.370 -0.638
        3  0.73897  -0.131 -0.634  1.000  0.212  0.082  0.045  0.027  0.428 -0.207  0.087 -0.001 -0.001  0.073 -0.298 -0.312  0.369
        4  0.56463   0.311 -0.311  0.212  1.000  0.117  0.025 -0.027  0.176  0.191  0.079 -0.000 -0.001 -0.233 -0.153 -0.158  0.186
        5  0.44979   0.062 -0.136  0.082  0.117  1.000  0.082  0.059  0.077 -0.018  0.363  0.000  0.001  0.055 -0.067 -0.091  0.068
        6  0.31992  -0.133 -0.069  0.045  0.025  0.082  1.000  0.102  0.042 -0.024  0.046  0.002  0.002  0.235 -0.030 -0.051  0.023
        7  0.33676  -0.229 -0.031  0.027 -0.027  0.059  0.102  1.000  0.021 -0.026  0.031  0.000  0.012  0.308 -0.013 -0.028  0.007
        8  0.59869  -0.030 -0.553  0.428  0.176  0.077  0.042  0.021  1.000 -0.213  0.088 -0.001 -0.001  0.021 -0.128 -0.138  0.196
        9  0.47751   0.128  0.331 -0.207  0.191 -0.018 -0.024 -0.026 -0.213  1.000 -0.040  0.001  0.000 -0.097  0.053  0.039 -0.109
       10  0.38014   0.027 -0.137  0.087  0.079  0.363  0.046  0.031  0.088 -0.040  1.000 -0.000  0.000  0.029 -0.034 -0.056  0.038
       11  0.00253  -0.000  0.001 -0.001 -0.000  0.000  0.002  0.000 -0.001  0.001 -0.000  1.000  0.000  0.001  0.000 -0.000 -0.000
       12  0.01306  -0.005  0.002 -0.001 -0.001  0.001  0.002  0.012 -0.001  0.000  0.000  0.000  1.000  0.007 -0.000 -0.001 -0.000
       13  0.93273  -0.912 -0.020  0.073 -0.233  0.055  0.235  0.308  0.021 -0.097  0.029  0.001  0.007  1.000 -0.006 -0.021 -0.001
       14  0.89956   0.007  0.450 -0.298 -0.153 -0.067 -0.030 -0.013 -0.128  0.053 -0.034  0.000 -0.000 -0.006  1.000  0.719 -0.776
       15  0.78395   0.015  0.370 -0.312 -0.158 -0.091 -0.051 -0.028 -0.138  0.039 -0.056 -0.000 -0.001 -0.021  0.719  1.000 -0.416
       16  0.87912  -0.006 -0.638  0.369  0.186  0.068  0.023  0.007  0.196 -0.109  0.038 -0.000 -0.000 -0.001 -0.776 -0.416  1.000
       17  0.59614   0.013  0.410 -0.556 -0.304 -0.148 -0.076 -0.038 -0.268  0.072 -0.102  0.000  0.000 -0.020  0.194  0.207 -0.237
                     1.000
 **********
 **   18 **HESSE        8500
 **********
 COVARIANCE MATRIX CALCULATED SUCCESSFULLY
 FCN=-6929.52 FROM HESSE     STATUS=OK            205 CALLS        1509 TOTAL
                     EDM=0.000156985    STRATEGY= 1      ERROR MATRIX ACCURATE 
  EXT PARAMETER                                INTERNAL      INTERNAL  
  NO.   NAME      VALUE            ERROR       STEP SIZE       VALUE   
   1  Alpha        4.34703e+00   3.93027e-01   7.14864e-05  -2.59104e-01
   2  AlphaR       4.31924e-01   1.18935e-02   3.74197e-07  -1.56950e+00
   3  Background1JetYield   4.30321e+01   3.85945e+01   2.83424e-06  -1.56665e+00
   4  Background2JetYield   2.66463e+01   1.53868e+01   1.76626e-06  -1.56753e+00
   5  Background3JetYield   1.50399e+01   7.53825e+00   1.25789e-06  -1.56834e+00
   6  Background4JetYield   7.34368e+00   4.34958e+00   1.10259e-06  -1.56908e+00
   7  Background5JetYield   2.93053e+00   2.49135e+00   9.90690e-07  -1.56971e+00
   8  BackgroundExp1Jet  -2.81875e-02   2.80375e-02   3.06755e-04   1.23342e+00
   9  BackgroundExp2Jet  -8.33345e-03   2.65627e-02   5.91049e-04   1.75363e+00
  10  BackgroundExp3Jet  -4.53711e-02   2.82297e-02   1.44069e-03   1.14150e+00
  11  BackgroundExp4Jet  -1.74730e-06   2.24313e-02   3.45252e-03   1.56815e+00
  12  BackgroundExp5Jet  -1.86183e-08   9.06567e-02   6.97696e-03   1.57052e+00
